0.010 0.010 1.000000e-02 4.980405e-01 3.141079e-01 5.030209e-01 5.577704e-01 
0.001 0.010 1.000000e-02 7.605155e-01 4.718589e-01 7.681207e-01 6.504066e-01 
0.0001 0.010 1.000000e-02 7.907147e-01 4.937037e-01 7.986218e-01 6.600859e-01 
0.010 0.001 1.000000e-02 2.024141e+00 1.025022e+00 1.000000e+00 1.372072e+00 
0.001 0.001 1.000000e-02 5.039357e-01 2.530951e-01 5.089750e-01 5.100903e-01 
0.0001 0.001 1.000000e-02 5.038431e-01 2.524766e-01 5.088815e-01 5.093368e-01 
0.010 0.0001 1.000000e-02 2.252021e+00 1.068472e+00 1.000000e+00 1.726594e+00 
0.001 0.0001 1.000000e-02 1.509266e+01 1.310483e+00 1.000000e+00 1.300448e+00 
0.0001 0.0001 1.000000e-02 5.048512e-01 2.524815e-01 5.098998e-01 5.099550e-01 
0.010 0.010 1.000000e-03 4.980405e-01 3.140631e-01 4.985385e-01 5.576466e-01 
0.001 0.010 1.000000e-03 7.605155e-01 4.717925e-01 7.612760e-01 6.502556e-01 
0.0001 0.010 1.000000e-03 7.907147e-01 4.936355e-01 7.915054e-01 6.599345e-01 
0.010 0.001 1.000000e-03 1.464911e+00 9.821714e-01 1.000000e+00 1.363353e+00 
0.001 0.001 1.000000e-03 4.998035e-01 3.125741e-01 5.003033e-01 5.557090e-01 
0.0001 0.001 1.000000e-03 7.701925e-01 4.753552e-01 7.709627e-01 6.550593e-01 
0.010 0.0001 1.000000e-03 1.431703e+00 9.901849e-01 1.000000e+00 1.759950e+00 
0.001 0.0001 1.000000e-03 1.772640e+00 1.109660e+00 1.000000e+00 1.364084e+00 
0.0001 0.0001 1.000000e-03 5.003971e-01 2.508752e-01 5.008975e-01 5.015727e-01 
0.010 0.010 1.000000e-04 4.980405e-01 3.140586e-01 4.980903e-01 5.576341e-01 
0.001 0.010 1.000000e-04 7.605155e-01 4.717840e-01 7.605916e-01 6.502362e-01 
0.000 0.010 1.000000e-04 7.907147e-01 4.936268e-01 7.907937e-01 6.599152e-01 
0.010 0.001 1.000000e-04 1.464911e+00 9.738558e-01 1.000000e+00 1.336384e+00 
0.001 0.001 1.000000e-04 4.998035e-01 3.125736e-01 4.998534e-01 5.557078e-01 
0.000 0.001 1.000000e-04 7.701925e-01 4.753545e-01 7.702695e-01 6.550578e-01 
0.010 0.0001 1.000000e-04 1.407253e+00 9.669379e-01 1.000000e+00 1.721481e+00 
0.001 0.0001 1.000000e-04 1.464911e+00 1.012735e+00 1.000000e+00 1.410059e+00 
0.0001 0.0001 1.000000e-04 4.999803e-01 3.125608e-01 5.000303e-01 5.556130e-01 
