9.090909e-015 4.725704e-001
8.576329e-015 3.944107e-001
8.090877e-015 3.736984e-001
7.632903e-015 1.848849e-001
7.200851e-015 2.872833e-001
6.793256e-015 4.698317e-001
6.408732e-015 7.417795e-001
6.045974e-015 3.558437e-001
5.703749e-015 2.735774e-001
5.380895e-015 2.184927e-001
5.076316e-015 4.891935e-001
4.788978e-015 6.235849e-001
4.517903e-015 5.559602e-001
4.262173e-015 5.528122e-001
4.020918e-015 3.900488e-002
3.793319e-015 1.100785e+000
3.578603e-015 1.729523e-001
3.376040e-015 9.588006e-001
3.184944e-015 7.248437e-002
3.004664e-015 1.065297e+000
2.834588e-015 1.488687e+000
2.674140e-015 4.358782e-001
2.522774e-015 6.800991e-001
2.379975e-015 1.122470e+000
2.245260e-015 4.768817e-002
2.118169e-015 1.091581e+000
1.998273e-015 2.145525e+000
1.885163e-015 1.132126e+000
1.778456e-015 5.792399e-002
1.677789e-015 1.080731e+000
1.582819e-015 2.287704e+000
1.493226e-015 3.570565e+000
1.408704e-015 2.642669e+000
1.328966e-015 1.659099e+000
1.253741e-015 6.165155e-001
1.182775e-015 4.886236e-001
1.115825e-015 1.660071e+000
1.052665e-015 3.848135e+000
9.930805e-016 2.936893e+000
9.368684e-016 1.970976e+000
8.838381e-016 9.471051e-001
8.338095e-016 1.381986e-001
7.866127e-016 1.288620e+000
7.420875e-016 2.508068e+000
7.000825e-016 3.800682e+000
6.604552e-016 1.096672e+001
6.230710e-016 1.048259e+001
5.878028e-016 9.969414e+000
5.545309e-016 9.425449e+000
5.231424e-016 8.848846e+000
4.935306e-016 8.237646e+000
