END
---
3.141593e+00 1.253361e-02 -1.679430e-01
3.141593e+01 -4.659618e-01 3.749893e+00
3.141593e+02 -5.161948e+06 3.795313e+06
3.141593e+03 -2.751917e+67 -8.196564e+67
3.141593e+04 nan nan
3.141593e+05 nan nan
3.141593e+06 nan nan
END
---
3.141593e+00 1.003157e-04 -1.582452e-02
3.141593e+01 -1.099537e-03 1.700585e-01
3.141593e+02 -4.443607e-02 3.809816e+00
3.141593e+03 -6.100280e+05 6.603185e+06
3.141593e+04 -1.310967e+68 1.000953e+68
3.141593e+05 nan nan
3.141593e+06 nan nan
END
---
3.141593e+00 1.039030e-06 -1.571909e-03
3.141593e+01 -9.548176e-06 1.583174e-02
3.141593e+02 -1.076701e-04 1.700883e-01
3.141593e+03 -4.413124e-03 3.810470e+00
3.141593e+04 -6.087405e+04 6.635297e+06
3.141593e+05 -1.485152e+67 1.648297e+68
3.141593e+06 nan nan
END
---
3.141593e+00 9.507450e-09 -1.570916e-04
3.141593e+01 -9.318111e-08 1.572029e-03
3.141593e+02 -9.262020e-07 1.583198e-02
3.141593e+03 -1.279648e-05 1.700888e-01
3.141593e+04 -1.023737e-03 3.810477e+00
3.141593e+05 -7.985303e+04 6.635138e+06
3.141593e+06 1.620032e+68 3.397146e+67
