0.000000e+000 0.000000e+000 0.000000e+000
1.845923e-003 -2.316292e-001 0.000000e+000
3.630243e-003 -6.121474e-001 0.000000e+000
5.358088e-003 -1.122403e+000 0.000000e+000
7.041426e-003 -1.748174e+000 0.000000e+000
8.689844e-003 -2.478081e+000 0.000000e+000
1.031046e-002 -3.302338e+000 0.000000e+000
1.190867e-002 -4.212141e+000 0.000000e+000
1.348876e-002 -5.199343e+000 0.000000e+000
1.505421e-002 -6.256257e+000 0.000000e+000
1.660798e-002 -7.375529e+000 0.000000e+000
1.815265e-002 -8.550050e+000 0.000000e+000
1.969049e-002 -9.772895e+000 0.000000e+000
2.122361e-002 -1.103728e+001 0.000000e+000
2.275394e-002 -1.233651e+001 0.000000e+000
2.428336e-002 -1.366398e+001 0.000000e+000
2.581366e-002 -1.501315e+001 0.000000e+000
2.734666e-002 -1.637749e+001 0.000000e+000
2.888416e-002 -1.775050e+001 0.000000e+000
3.042806e-002 -1.912570e+001 0.000000e+000
3.198035e-002 -2.049658e+001 0.000000e+000
3.354317e-002 -2.185664e+001 0.000000e+000
3.511886e-002 -2.319929e+001 0.000000e+000
3.671007e-002 -2.451793e+001 0.000000e+000
3.831981e-002 -2.580585e+001 0.000000e+000
3.995165e-002 -2.705622e+001 0.000000e+000
4.160985e-002 -2.826205e+001 0.000000e+000
4.329975e-002 -2.941615e+001 0.000000e+000
4.502820e-002 -3.051102e+001 0.000000e+000
4.680447e-002 -3.153876e+001 0.000000e+000
4.864180e-002 -3.249087e+001 0.000000e+000
5.056079e-002 -3.335801e+001 0.000000e+000
5.259790e-002 -3.412967e+001 0.000000e+000
5.483446e-002 -3.479398e+001 0.000000e+000
5.761664e-002 -3.534631e+001 0.000000e+000
5.983128e-002 -3.556633e+001 0.000000e+000
6.200477e-002 -3.559356e+001 0.000000e+000
6.402819e-002 -3.545341e+001 0.000000e+000
6.594114e-002 -3.517780e+001 0.000000e+000
6.777812e-002 -3.478659e+001 0.000000e+000
6.956039e-002 -3.429341e+001 0.000000e+000
7.130131e-002 -3.370892e+001 0.000000e+000
7.301001e-002 -3.304220e+001 0.000000e+000
7.469313e-002 -3.230130e+001 0.000000e+000
7.635578e-002 -3.149365e+001 0.000000e+000
7.800210e-002 -3.062623e+001 0.000000e+000
7.963555e-002 -2.970569e+001 0.000000e+000
8.125910e-002 -2.873845e+001 0.000000e+000
8.287539e-002 -2.773075e+001 0.000000e+000
8.448682e-002 -2.668873e+001 0.000000e+000
8.609565e-002 -2.561842e+001 0.000000e+000
8.770402e-002 -2.452578e+001 0.000000e+000
8.931402e-002 -2.341672e+001 0.000000e+000
9.092775e-002 -2.229714e+001 0.000000e+000
9.254737e-002 -2.117290e+001 0.000000e+000
9.417510e-002 -2.004987e+001 0.000000e+000
9.581334e-002 -1.893394e+001 0.000000e+000
9.746471e-002 -1.783103e+001 0.000000e+000
9.913213e-002 -1.674710e+001 0.000000e+000
1.008190e-001 -1.568818e+001 0.000000e+000
1.025291e-001 -1.466043e+001 0.000000e+000
1.042673e-001 -1.367011e+001 0.000000e+000
1.060395e-001 -1.272372e+001 0.000000e+000
1.078534e-001 -1.182799e+001 0.000000e+000
1.097195e-001 -1.099007e+001 0.000000e+000
1.116529e-001 -1.021764e+001 0.000000e+000
1.136779e-001 -9.519247e+000 0.000000e+000
1.158389e-001 -8.904634e+000 0.000000e+000
1.182437e-001 -8.384989e+000 0.000000e+000
1.208646e-001 -8.020410e+000 0.000000e+000
1.231376e-001 -7.876036e+000 0.000000e+000
1.253758e-001 -7.888863e+000 0.000000e+000
1.274703e-001 -8.037628e+000 0.000000e+000
1.294564e-001 -8.297325e+000 0.000000e+000
1.313671e-001 -8.652012e+000 0.000000e+000
1.332231e-001 -9.090429e+000 0.000000e+000
1.350379e-001 -9.603586e+000 0.000000e+000
1.368207e-001 -1.018374e+001 0.000000e+000
1.385783e-001 -1.082392e+001 0.000000e+000
1.403159e-001 -1.151764e+001 0.000000e+000
1.420380e-001 -1.225880e+001 0.000000e+000
1.437480e-001 -1.304151e+001 0.000000e+000
1.454493e-001 -1.386008e+001 0.000000e+000
1.471446e-001 -1.470894e+001 0.000000e+000
1.488366e-001 -1.558264e+001 0.000000e+000
1.505279e-001 -1.647575e+001 0.000000e+000
1.522208e-001 -1.738294e+001 0.000000e+000
1.539179e-001 -1.829888e+001 0.000000e+000
1.556215e-001 -1.921825e+001 0.000000e+000
1.573344e-001 -2.013575e+001 0.000000e+000
1.590592e-001 -2.104605e+001 0.000000e+000
1.607992e-001 -2.194379e+001 0.000000e+000
1.625578e-001 -2.282358e+001 0.000000e+000
1.643391e-001 -2.367992e+001 0.000000e+000
1.661478e-001 -2.450721e+001 0.000000e+000
1.679900e-001 -2.529973e+001 0.000000e+000
1.698734e-001 -2.605151e+001 0.000000e+000
1.718081e-001 -2.675627e+001 0.000000e+000
1.738089e-001 -2.740730e+001 0.000000e+000
1.758986e-001 -2.799718e+001 0.000000e+000
1.781175e-001 -2.851746e+001 0.000000e+000
1.805563e-001 -2.895809e+001 0.000000e+000
1.836128e-001 -2.931083e+001 0.000000e+000
1.860134e-001 -2.943058e+001 0.000000e+000
1.883694e-001 -2.941435e+001 0.000000e+000
1.905665e-001 -2.928217e+001 0.000000e+000
1.926465e-001 -2.905622e+001 0.000000e+000
1.946462e-001 -2.875037e+001 0.000000e+000
1.965882e-001 -2.837439e+001 0.000000e+000
1.984872e-001 -2.793614e+001 0.000000e+000
2.003530e-001 -2.744240e+001 0.000000e+000
2.021931e-001 -2.689930e+001 0.000000e+000
2.040130e-001 -2.631258e+001 0.000000e+000
2.058175e-001 -2.568766e+001 0.000000e+000
2.076105e-001 -2.502978e+001 0.000000e+000
2.093956e-001 -2.434401e+001 0.000000e+000
2.111759e-001 -2.363535e+001 0.000000e+000
2.129543e-001 -2.290870e+001 0.000000e+000
2.147338e-001 -2.216890e+001 0.000000e+000
2.165172e-001 -2.142079e+001 0.000000e+000
2.183074e-001 -2.066917e+001 0.000000e+000
2.201073e-001 -1.991883e+001 0.000000e+000
2.219202e-001 -1.917459e+001 0.000000e+000
2.237497e-001 -1.844130e+001 0.000000e+000
2.255998e-001 -1.772384e+001 0.000000e+000
2.274752e-001 -1.702717e+001 0.000000e+000
2.293818e-001 -1.635637e+001 0.000000e+000
2.313266e-001 -1.571666e+001 0.000000e+000
2.333190e-001 -1.511347e+001 0.000000e+000
2.353719e-001 -1.455259e+001 0.000000e+000
2.375046e-001 -1.404028e+001 0.000000e+000
2.397487e-001 -1.358358e+001 0.000000e+000
2.421666e-001 -1.319078e+001 0.000000e+000
2.449364e-001 -1.287195e+001 0.000000e+000
2.476503e-001 -1.269811e+001 0.000000e+000
2.503017e-001 -1.266095e+001 0.000000e+000
2.526975e-001 -1.273844e+001 0.000000e+000
2.549276e-001 -1.290257e+001 0.000000e+000
2.570539e-001 -1.313831e+001 0.000000e+000
2.591098e-001 -1.343603e+001 0.000000e+000
2.611147e-001 -1.378836e+001 0.000000e+000
2.630813e-001 -1.418901e+001 0.000000e+000
2.650184e-001 -1.463237e+001 0.000000e+000
2.669328e-001 -1.511324e+001 0.000000e+000
2.688302e-001 -1.562671e+001 0.000000e+000
2.707150e-001 -1.616803e+001 0.000000e+000
2.725913e-001 -1.673263e+001 0.000000e+000
2.744629e-001 -1.731600e+001 0.000000e+000
2.763331e-001 -1.791371e+001 0.000000e+000
2.782052e-001 -1.852139e+001 0.000000e+000
2.800825e-001 -1.913468e+001 0.000000e+000
2.819685e-001 -1.974924e+001 0.000000e+000
2.838667e-001 -2.036072e+001 0.000000e+000
2.857810e-001 -2.096476e+001 0.000000e+000
2.877159e-001 -2.155697e+001 0.000000e+000
2.896763e-001 -2.213289e+001 0.000000e+000
2.916685e-001 -2.268798e+001 0.000000e+000
2.937001e-001 -2.321756e+001 0.000000e+000
2.957810e-001 -2.371679e+001 0.000000e+000
2.979249e-001 -2.418051e+001 0.000000e+000
3.001523e-001 -2.460316e+001 0.000000e+000
3.024967e-001 -2.497844e+001 0.000000e+000
3.050250e-001 -2.529889e+001 0.000000e+000
3.079308e-001 -2.555508e+001 0.000000e+000
3.107450e-001 -2.568658e+001 0.000000e+000
3.134964e-001 -2.570417e+001 0.000000e+000
3.159892e-001 -2.562704e+001 0.000000e+000
3.183129e-001 -2.547810e+001 0.000000e+000
3.205305e-001 -2.526978e+001 0.000000e+000
3.226762e-001 -2.501020e+001 0.000000e+000
3.247700e-001 -2.470569e+001 0.000000e+000
3.268252e-001 -2.436169e+001 0.000000e+000
3.288511e-001 -2.398311e+001 0.000000e+000
3.308548e-001 -2.357454e+001 0.000000e+000
3.328424e-001 -2.314032e+001 0.000000e+000
3.348186e-001 -2.268467e+001 0.000000e+000
3.367881e-001 -2.221168e+001 0.000000e+000
3.387548e-001 -2.172537e+001 0.000000e+000
3.407226e-001 -2.122972e+001 0.000000e+000
3.426954e-001 -2.072867e+001 0.000000e+000
3.446771e-001 -2.022615e+001 0.000000e+000
3.466718e-001 -1.972609e+001 0.000000e+000
3.486840e-001 -1.923243e+001 0.000000e+000
3.507188e-001 -1.874914e+001 0.000000e+000
3.527821e-001 -1.828025e+001 0.000000e+000
3.548812e-001 -1.782988e+001 0.000000e+000
3.570250e-001 -1.740226e+001 0.000000e+000
3.592258e-001 -1.700184e+001 0.000000e+000
3.615008e-001 -1.663334e+001 0.000000e+000
3.638766e-001 -1.630198e+001 0.000000e+000
3.664007e-001 -1.601377e+001 0.000000e+000
3.691806e-001 -1.577620e+001 0.000000e+000
3.727174e-001 -1.559889e+001 0.000000e+000
3.754242e-001 -1.555863e+001 0.000000e+000
3.780803e-001 -1.559858e+001 0.000000e+000
3.805651e-001 -1.570514e+001 0.000000e+000
3.829233e-001 -1.586540e+001 0.000000e+000
3.851952e-001 -1.607115e+001 0.000000e+000
3.874058e-001 -1.631631e+001 0.000000e+000
3.895717e-001 -1.659585e+001 0.000000e+000
3.917041e-001 -1.690529e+001 0.000000e+000
3.938117e-001 -1.724045e+001 0.000000e+000
3.959013e-001 -1.759740e+001 0.000000e+000
3.979787e-001 -1.797234e+001 0.000000e+000
4.000491e-001 -1.836158e+001 0.000000e+000
4.021172e-001 -1.876146e+001 0.000000e+000
4.041874e-001 -1.916842e+001 0.000000e+000
4.062642e-001 -1.957889e+001 0.000000e+000
4.083523e-001 -1.998931e+001 0.000000e+000
4.104565e-001 -2.039614e+001 0.000000e+000
4.125824e-001 -2.079580e+001 0.000000e+000
4.147361e-001 -2.118467e+001 0.000000e+000
4.169254e-001 -2.155909e+001 0.000000e+000
4.191595e-001 -2.191526e+001 0.000000e+000
4.214511e-001 -2.224926e+001 0.000000e+000
4.238176e-001 -2.255690e+001 0.000000e+000
4.262859e-001 -2.283360e+001 0.000000e+000
4.289031e-001 -2.307410e+001 0.000000e+000
4.317728e-001 -2.327183e+001 0.000000e+000
4.353253e-001 -2.341757e+001 0.000000e+000
4.381849e-001 -2.345435e+001 0.000000e+000
4.409914e-001 -2.342143e+001 0.000000e+000
4.436054e-001 -2.333116e+001 0.000000e+000
4.460802e-001 -2.319520e+001 0.000000e+000
4.484616e-001 -2.302088e+001 0.000000e+000
4.507779e-001 -2.281354e+001 0.000000e+000
4.530471e-001 -2.257764e+001 0.000000e+000
4.552818e-001 -2.231714e+001 0.000000e+000
4.574913e-001 -2.203576e+001 0.000000e+000
4.596833e-001 -2.173701e+001 0.000000e+000
4.618642e-001 -2.142429e+001 0.000000e+000
4.640396e-001 -2.110091e+001 0.000000e+000
4.662149e-001 -2.077014e+001 0.000000e+000
4.683954e-001 -2.043521e+001 0.000000e+000
4.705863e-001 -2.009934e+001 0.000000e+000
4.727931e-001 -1.976572e+001 0.000000e+000
4.750219e-001 -1.943759e+001 0.000000e+000
4.772799e-001 -1.911821e+001 0.000000e+000
4.795754e-001 -1.881088e+001 0.000000e+000
4.819190e-001 -1.851900e+001 0.000000e+000
4.843246e-001 -1.824613e+001 0.000000e+000
4.868122e-001 -1.799602e+001 0.000000e+000
4.894130e-001 -1.777285e+001 0.000000e+000
4.921832e-001 -1.758145e+001 0.000000e+000
4.952562e-001 -1.742806e+001 0.000000e+000
4.986481e-001 -1.733305e+001 0.000000e+000
5.015883e-001 -1.731426e+001 0.000000e+000
5.044827e-001 -1.735249e+001 0.000000e+000
5.071917e-001 -1.743742e+001 0.000000e+000
5.097640e-001 -1.755969e+001 0.000000e+000
5.122439e-001 -1.771327e+001 0.000000e+000
5.146595e-001 -1.789362e+001 0.000000e+000
5.170290e-001 -1.809692e+001 0.000000e+000
5.193652e-001 -1.831969e+001 0.000000e+000
5.216780e-001 -1.855866e+001 0.000000e+000
5.239754e-001 -1.881073e+001 0.000000e+000
5.262645e-001 -1.907286e+001 0.000000e+000
5.285515e-001 -1.934209e+001 0.000000e+000
5.308425e-001 -1.961549e+001 0.000000e+000
5.331436e-001 -1.989015e+001 0.000000e+000
5.354613e-001 -2.016317e+001 0.000000e+000
5.378024e-001 -2.043164e+001 0.000000e+000
5.401750e-001 -2.069261e+001 0.000000e+000
5.425888e-001 -2.094310e+001 0.000000e+000
5.450561e-001 -2.118003e+001 0.000000e+000
5.475934e-001 -2.140019e+001 0.000000e+000
5.502248e-001 -2.160011e+001 0.000000e+000
5.529895e-001 -2.177596e+001 0.000000e+000
5.559633e-001 -2.192312e+001 0.000000e+000
5.593585e-001 -2.203522e+001 0.000000e+000
5.627284e-001 -2.208606e+001 0.000000e+000
5.660172e-001 -2.207780e+001 0.000000e+000
5.689852e-001 -2.202266e+001 0.000000e+000
5.717500e-001 -2.193261e+001 0.000000e+000
5.743908e-001 -2.181413e+001 0.000000e+000
5.769501e-001 -2.167163e+001 0.000000e+000
5.794530e-001 -2.150870e+001 0.000000e+000
5.819161e-001 -2.132855e+001 0.000000e+000
5.843514e-001 -2.113415e+001 0.000000e+000
5.867687e-001 -2.092835e+001 0.000000e+000
5.891761e-001 -2.071387e+001 0.000000e+000
5.915811e-001 -2.049342e+001 0.000000e+000
5.939908e-001 -2.026963e+001 0.000000e+000
5.964121e-001 -2.004513e+001 0.000000e+000
5.988527e-001 -1.982256e+001 0.000000e+000
6.013208e-001 -1.960453e+001 0.000000e+000
6.038261e-001 -1.939373e+001 0.000000e+000
6.063805e-001 -1.919288e+001 0.000000e+000
6.089994e-001 -1.900478e+001 0.000000e+000
6.117048e-001 -1.883242e+001 0.000000e+000
6.145304e-001 -1.867905e+001 0.000000e+000
6.175365e-001 -1.854845e+001 0.000000e+000
6.208640e-001 -1.844552e+001 0.000000e+000
6.245705e-001 -1.838427e+001 0.000000e+000
6.277796e-001 -1.837704e+001 0.000000e+000
6.309378e-001 -1.841056e+001 0.000000e+000
6.338929e-001 -1.847681e+001 0.000000e+000
6.366999e-001 -1.856893e+001 0.000000e+000
6.394085e-001 -1.868245e+001 0.000000e+000
6.420500e-001 -1.881398e+001 0.000000e+000
6.446447e-001 -1.896055e+001 0.000000e+000
6.472076e-001 -1.911946e+001 0.000000e+000
6.497499e-001 -1.928812e+001 0.000000e+000
6.522814e-001 -1.946407e+001 0.000000e+000
6.548106e-001 -1.964487e+001 0.000000e+000
6.573458e-001 -1.982813e+001 0.000000e+000
6.598952e-001 -2.001148e+001 0.000000e+000
6.624677e-001 -2.019253e+001 0.000000e+000
6.650733e-001 -2.036892e+001 0.000000e+000
6.677238e-001 -2.053820e+001 0.000000e+000
6.704343e-001 -2.069790e+001 0.000000e+000
6.732252e-001 -2.084542e+001 0.000000e+000
6.761268e-001 -2.097797e+001 0.000000e+000
6.791902e-001 -2.109239e+001 0.000000e+000
6.825221e-001 -2.118477e+001 0.000000e+000
6.864921e-001 -2.124906e+001 0.000000e+000
6.899652e-001 -2.126379e+001 0.000000e+000
6.933719e-001 -2.124118e+001 0.000000e+000
6.965180e-001 -2.118911e+001 0.000000e+000
6.994854e-001 -2.111440e+001 0.000000e+000
7.023387e-001 -2.102121e+001 0.000000e+000
7.051165e-001 -2.091266e+001 0.000000e+000
7.078430e-001 -2.079140e+001 0.000000e+000
7.105352e-001 -2.065988e+001 0.000000e+000
7.132062e-001 -2.052041e+001 0.000000e+000
7.158670e-001 -2.037522e+001 0.000000e+000
7.185276e-001 -2.022650e+001 0.000000e+000
7.211974e-001 -2.007642e+001 0.000000e+000
7.238863e-001 -1.992710e+001 0.000000e+000
7.266048e-001 -1.978071e+001 0.000000e+000
7.293655e-001 -1.963940e+001 0.000000e+000
7.321835e-001 -1.950541e+001 0.000000e+000
7.350793e-001 -1.938101e+001 0.000000e+000
7.380823e-001 -1.926865e+001 0.000000e+000
7.412405e-001 -1.917105e+001 0.000000e+000
7.446489e-001 -1.909149e+001 0.000000e+000
7.485909e-001 -1.903479e+001 0.000000e+000
7.523324e-001 -1.901686e+001 0.000000e+000
7.559942e-001 -1.903276e+001 0.000000e+000
7.593327e-001 -1.907487e+001 0.000000e+000
7.624612e-001 -1.913654e+001 0.000000e+000
7.654609e-001 -1.921395e+001 0.000000e+000
7.683779e-001 -1.930432e+001 0.000000e+000
7.712399e-001 -1.940526e+001 0.000000e+000
7.740662e-001 -1.951457e+001 0.000000e+000
7.768717e-001 -1.963020e+001 0.000000e+000
7.796687e-001 -1.975012e+001 0.000000e+000
7.824687e-001 -1.987237e+001 0.000000e+000
7.852827e-001 -1.999501e+001 0.000000e+000
7.881225e-001 -2.011609e+001 0.000000e+000
7.910012e-001 -2.023368e+001 0.000000e+000
7.939346e-001 -2.034578e+001 0.000000e+000
7.969433e-001 -2.045037e+001 0.000000e+000
8.000563e-001 -2.054530e+001 0.000000e+000
8.033198e-001 -2.062821e+001 0.000000e+000
8.068212e-001 -2.069632e+001 0.000000e+000
8.107957e-001 -2.074570e+001 0.000000e+000
8.149296e-001 -2.076458e+001 0.000000e+000
8.184576e-001 -2.075467e+001 0.000000e+000
8.219371e-001 -2.072239e+001 0.000000e+000
8.252330e-001 -2.067264e+001 0.000000e+000
8.283917e-001 -2.060916e+001 0.000000e+000
8.314590e-001 -2.053459e+001 0.000000e+000
8.344664e-001 -2.045111e+001 0.000000e+000
8.374356e-001 -2.036069e+001 0.000000e+000
8.403836e-001 -2.026520e+001 0.000000e+000
8.433247e-001 -2.016645e+001 0.000000e+000
8.462720e-001 -2.006622e+001 0.000000e+000
8.492384e-001 -1.996626e+001 0.000000e+000
8.522380e-001 -1.986832e+001 0.000000e+000
8.552871e-001 -1.977417e+001 0.000000e+000
8.584059e-001 -1.968561e+001 0.000000e+000
8.616223e-001 -1.960454e+001 0.000000e+000
8.649785e-001 -1.953296e+001 0.000000e+000
8.685499e-001 -1.947323e+001 0.000000e+000
8.725141e-001 -1.942839e+001 0.000000e+000
8.768659e-001 -1.940633e+001 0.000000e+000
8.806484e-001 -1.941029e+001 0.000000e+000
8.843729e-001 -1.943445e+001 0.000000e+000
8.878700e-001 -1.947418e+001 0.000000e+000
8.912043e-001 -1.952588e+001 0.000000e+000
8.944335e-001 -1.958713e+001 0.000000e+000
8.975956e-001 -1.965594e+001 0.000000e+000
9.007161e-001 -1.973053e+001 0.000000e+000
9.038147e-001 -1.980922e+001 0.000000e+000
9.069078e-001 -1.989038e+001 0.000000e+000
9.100104e-001 -1.997241e+001 0.000000e+000
9.131381e-001 -2.005373e+001 0.000000e+000
9.163075e-001 -2.013274e+001 0.000000e+000
9.195389e-001 -2.020785e+001 0.000000e+000
9.228585e-001 -2.027740e+001 0.000000e+000
9.263046e-001 -2.033964e+001 0.000000e+000
9.299405e-001 -2.039262e+001 0.000000e+000
9.338985e-001 -2.043395e+001 0.000000e+000
9.386513e-001 -2.045965e+001 0.000000e+000
9.427390e-001 -2.046056e+001 0.000000e+000
9.467492e-001 -2.044297e+001 0.000000e+000
9.504688e-001 -2.041140e+001 0.000000e+000
9.539914e-001 -2.036936e+001 0.000000e+000
9.573922e-001 -2.031910e+001 0.000000e+000
9.607173e-001 -2.026241e+001 0.000000e+000
9.639972e-001 -2.020090e+001 0.000000e+000
9.672543e-001 -2.013609e+001 0.000000e+000
9.705076e-001 -2.006945e+001 0.000000e+000
9.737747e-001 -2.000242e+001 0.000000e+000
9.770738e-001 -1.993643e+001 0.000000e+000
9.804251e-001 -1.987292e+001 0.000000e+000
9.838540e-001 -1.981334e+001 0.000000e+000
9.873953e-001 -1.975923e+001 0.000000e+000
9.911027e-001 -1.971222e+001 0.000000e+000
9.950774e-001 -1.967424e+001 0.000000e+000
9.995901e-001 -1.964799e+001 0.000000e+000
1.004219e+000 -1.964035e+001 0.000000e+000
1.008229e+000 -1.964932e+001 0.000000e+000
1.012186e+000 -1.967153e+001 0.000000e+000
1.015939e+000 -1.970372e+001 0.000000e+000
1.019545e+000 -1.974348e+001 0.000000e+000
1.023057e+000 -1.978907e+001 0.000000e+000
1.026513e+000 -1.983899e+001 0.000000e+000
1.029941e+000 -1.989186e+001 0.000000e+000
1.033361e+000 -1.994634e+001 0.000000e+000
1.036797e+000 -2.000112e+001 0.000000e+000
1.040267e+000 -2.005493e+001 0.000000e+000
1.043797e+000 -2.010645e+001 0.000000e+000
1.047416e+000 -2.015437e+001 0.000000e+000
1.051167e+000 -2.019730e+001 0.000000e+000
1.055118e+000 -2.023371e+001 0.000000e+000
1.059413e+000 -2.026176e+001 0.000000e+000
1.064545e+000 -2.027840e+001 0.000000e+000
1.069010e+000 -2.027769e+001 0.000000e+000
1.073390e+000 -2.026377e+001 0.000000e+000
1.077451e+000 -2.024013e+001 0.000000e+000
1.081300e+000 -2.020938e+001 0.000000e+000
1.085023e+000 -2.017322e+001 0.000000e+000
1.088671e+000 -2.013305e+001 0.000000e+000
1.092280e+000 -2.009013e+001 0.000000e+000
1.095877e+000 -2.004567e+001 0.000000e+000
1.099487e+000 -2.000087e+001 0.000000e+000
1.103133e+000 -1.995688e+001 0.000000e+000
1.106844e+000 -1.991487e+001 0.000000e+000
1.110653e+000 -1.987605e+001 0.000000e+000
1.114611e+000 -1.984167e+001 0.000000e+000
1.118804e+000 -1.981312e+001 0.000000e+000
1.123418e+000 -1.979218e+001 0.000000e+000
1.128665e+000 -1.978251e+001 0.000000e+000
1.133199e+000 -1.978632e+001 0.000000e+000
1.137658e+000 -1.980048e+001 0.000000e+000
1.141839e+000 -1.982220e+001 0.000000e+000
1.145829e+000 -1.984943e+001 0.000000e+000
1.149706e+000 -1.988074e+001 0.000000e+000
1.153519e+000 -1.991494e+001 0.000000e+000
1.157305e+000 -1.995090e+001 0.000000e+000
1.161092e+000 -1.998754e+001 0.000000e+000
1.164910e+000 -2.002380e+001 0.000000e+000
1.168787e+000 -2.005864e+001 0.000000e+000
1.172761e+000 -2.009097e+001 0.000000e+000
1.176884e+000 -2.011969e+001 0.000000e+000
1.181243e+000 -2.014356e+001 0.000000e+000
1.186026e+000 -2.016106e+001 0.000000e+000
1.192064e+000 -2.016926e+001 0.000000e+000
1.196778e+000 -2.016489e+001 0.000000e+000
1.201404e+000 -2.015200e+001 0.000000e+000
1.205754e+000 -2.013299e+001 0.000000e+000
1.209916e+000 -2.010958e+001 0.000000e+000
1.213970e+000 -2.008302e+001 0.000000e+000
1.217967e+000 -2.005435e+001 0.000000e+000
1.221945e+000 -2.002458e+001 0.000000e+000
1.225939e+000 -1.999468e+001 0.000000e+000
1.229980e+000 -1.996559e+001 0.000000e+000
1.234108e+000 -1.993827e+001 0.000000e+000
1.238374e+000 -1.991371e+001 0.000000e+000
1.242857e+000 -1.989297e+001 0.000000e+000
1.247720e+000 -1.987730e+001 0.000000e+000
1.253509e+000 -1.986874e+001 0.000000e+000
1.258595e+000 -1.987042e+001 0.000000e+000
1.263584e+000 -1.987999e+001 0.000000e+000
1.268213e+000 -1.989512e+001 0.000000e+000
1.272612e+000 -1.991412e+001 0.000000e+000
1.276881e+000 -1.993586e+001 0.000000e+000
1.281085e+000 -1.995938e+001 0.000000e+000
1.285270e+000 -1.998377e+001 0.000000e+000
1.289473e+000 -2.000816e+001 0.000000e+000
1.293733e+000 -2.003170e+001 0.000000e+000
1.298098e+000 -2.005352e+001 0.000000e+000
1.302631e+000 -2.007272e+001 0.000000e+000
1.307441e+000 -2.008830e+001 0.000000e+000
1.312778e+000 -2.009902e+001 0.000000e+000
1.318606e+000 -2.010232e+001 0.000000e+000
1.323692e+000 -2.009813e+001 0.000000e+000
1.328701e+000 -2.008807e+001 0.000000e+000
1.333432e+000 -2.007394e+001 0.000000e+000
1.337978e+000 -2.005701e+001 0.000000e+000
1.342423e+000 -2.003823e+001 0.000000e+000
1.346826e+000 -2.001844e+001 0.000000e+000
1.351236e+000 -1.999842e+001 0.000000e+000
1.355695e+000 -1.997897e+001 0.000000e+000
1.360255e+000 -1.996085e+001 0.000000e+000
1.364983e+000 -1.994487e+001 0.000000e+000
1.369994e+000 -1.993191e+001 0.000000e+000
1.375544e+000 -1.992305e+001 0.000000e+000
1.381638e+000 -1.992045e+001 0.000000e+000
1.386957e+000 -1.992418e+001 0.000000e+000
1.392195e+000 -1.993284e+001 0.000000e+000
1.397142e+000 -1.994486e+001 0.000000e+000
1.401902e+000 -1.995912e+001 0.000000e+000
1.406563e+000 -1.997478e+001 0.000000e+000
1.411191e+000 -1.999109e+001 0.000000e+000
1.415840e+000 -2.000736e+001 0.000000e+000
1.420562e+000 -2.002286e+001 0.000000e+000
1.425422e+000 -2.003690e+001 0.000000e+000
1.430515e+000 -2.004874e+001 0.000000e+000
1.436027e+000 -2.005751e+001 0.000000e+000
1.442569e+000 -2.006187e+001 0.000000e+000
1.448360e+000 -2.006016e+001 0.000000e+000
1.454038e+000 -2.005377e+001 0.000000e+000
1.459317e+000 -2.004427e+001 0.000000e+000
1.464352e+000 -2.003275e+001 0.000000e+000
1.469263e+000 -2.001997e+001 0.000000e+000
1.474131e+000 -2.000663e+001 0.000000e+000
1.479020e+000 -1.999336e+001 0.000000e+000
1.483991e+000 -1.998078e+001 0.000000e+000
1.489120e+000 -1.996955e+001 0.000000e+000
1.494525e+000 -1.996034e+001 0.000000e+000
1.500454e+000 -1.995396e+001 0.000000e+000
1.507227e+000 -1.995187e+001 0.000000e+000
1.513094e+000 -1.995449e+001 0.000000e+000
1.518864e+000 -1.996069e+001 0.000000e+000
1.524300e+000 -1.996921e+001 0.000000e+000
1.529531e+000 -1.997917e+001 0.000000e+000
1.534667e+000 -1.998992e+001 0.000000e+000
1.539790e+000 -2.000087e+001 0.000000e+000
1.544971e+000 -2.001143e+001 0.000000e+000
1.550288e+000 -2.002103e+001 0.000000e+000
1.555853e+000 -2.002909e+001 0.000000e+000
1.561879e+000 -2.003492e+001 0.000000e+000
1.569093e+000 -2.003747e+001 0.000000e+000
1.575358e+000 -2.003572e+001 0.000000e+000
1.581503e+000 -2.003078e+001 0.000000e+000
1.587246e+000 -2.002379e+001 0.000000e+000
1.592751e+000 -2.001559e+001 0.000000e+000
1.598152e+000 -2.000675e+001 0.000000e+000
1.603542e+000 -1.999782e+001 0.000000e+000
1.609007e+000 -1.998932e+001 0.000000e+000
1.614640e+000 -1.998175e+001 0.000000e+000
1.620586e+000 -1.997568e+001 0.000000e+000
1.627161e+000 -1.997173e+001 0.000000e+000
1.634372e+000 -1.997106e+001 0.000000e+000
1.640686e+000 -1.997350e+001 0.000000e+000
1.646905e+000 -1.997830e+001 0.000000e+000
1.652810e+000 -1.998455e+001 0.000000e+000
1.658534e+000 -1.999159e+001 0.000000e+000
1.664198e+000 -1.999891e+001 0.000000e+000
1.669900e+000 -2.000604e+001 0.000000e+000
1.675743e+000 -2.001251e+001 0.000000e+000
1.681865e+000 -2.001785e+001 0.000000e+000
1.688538e+000 -2.002152e+001 0.000000e+000
1.696854e+000 -2.002255e+001 0.000000e+000
1.703534e+000 -2.002060e+001 0.000000e+000
1.710090e+000 -2.001662e+001 0.000000e+000
1.716295e+000 -2.001142e+001 0.000000e+000
1.722306e+000 -2.000560e+001 0.000000e+000
1.728263e+000 -1.999961e+001 0.000000e+000
1.734280e+000 -1.999389e+001 0.000000e+000
1.740480e+000 -1.998884e+001 0.000000e+000
1.747046e+000 -1.998490e+001 0.000000e+000
1.754407e+000 -1.998261e+001 0.000000e+000
1.762063e+000 -1.998279e+001 0.000000e+000
1.769563e+000 -1.998531e+001 0.000000e+000
1.776346e+000 -1.998920e+001 0.000000e+000
1.782760e+000 -1.999381e+001 0.000000e+000
1.789038e+000 -1.999870e+001 0.000000e+000
1.795329e+000 -2.000348e+001 0.000000e+000
1.801772e+000 -2.000779e+001 0.000000e+000
1.808546e+000 -2.001123e+001 0.000000e+000
1.816030e+000 -2.001336e+001 0.000000e+000
1.824204e+000 -2.001348e+001 0.000000e+000
1.831384e+000 -2.001178e+001 0.000000e+000
1.838459e+000 -2.000876e+001 0.000000e+000
1.845215e+000 -2.000504e+001 0.000000e+000
1.851820e+000 -2.000104e+001 0.000000e+000
1.858434e+000 -1.999714e+001 0.000000e+000
1.865213e+000 -1.999366e+001 0.000000e+000
1.872372e+000 -1.999096e+001 0.000000e+000
1.880386e+000 -1.998946e+001 0.000000e+000
1.888695e+000 -1.998971e+001 0.000000e+000
1.896853e+000 -1.999161e+001 0.000000e+000
1.904258e+000 -1.999440e+001 0.000000e+000
1.911294e+000 -1.999760e+001 0.000000e+000
1.918230e+000 -2.000086e+001 0.000000e+000
1.925254e+000 -2.000389e+001 0.000000e+000
1.932573e+000 -2.000636e+001 0.000000e+000
1.940555e+000 -2.000796e+001 0.000000e+000
1.949638e+000 -2.000817e+001 0.000000e+000
1.957575e+000 -2.000702e+001 0.000000e+000
1.965383e+000 -2.000491e+001 0.000000e+000
1.972826e+000 -2.000234e+001 0.000000e+000
1.980122e+000 -1.999967e+001 0.000000e+000
1.987481e+000 -1.999716e+001 0.000000e+000
1.995132e+000 -1.999511e+001 0.000000e+000
2.003464e+000 -1.999380e+001 0.000000e+000
2.012933e+000 -1.999367e+001 0.000000e+000
2.021222e+000 -1.999468e+001 0.000000e+000
2.029378e+000 -1.999647e+001 0.000000e+000
2.037171e+000 -1.999861e+001 0.000000e+000
2.044842e+000 -2.000078e+001 0.000000e+000
2.052629e+000 -2.000275e+001 0.000000e+000
2.060821e+000 -2.000425e+001 0.000000e+000
2.070025e+000 -2.000500e+001 0.000000e+000
2.079581e+000 -2.000465e+001 0.000000e+000
2.088769e+000 -2.000339e+001 0.000000e+000
2.097183e+000 -2.000170e+001 0.000000e+000
2.105285e+000 -1.999991e+001 0.000000e+000
2.113409e+000 -1.999823e+001 0.000000e+000
2.121863e+000 -1.999690e+001 0.000000e+000
2.131184e+000 -1.999616e+001 0.000000e+000
2.141277e+000 -1.999631e+001 0.000000e+000
2.151150e+000 -1.999730e+001 0.000000e+000
2.160064e+000 -1.999868e+001 0.000000e+000
2.168595e+000 -2.000015e+001 0.000000e+000
2.177147e+000 -2.000150e+001 0.000000e+000
2.186088e+000 -2.000253e+001 0.000000e+000
2.196106e+000 -2.000303e+001 0.000000e+000
2.206473e+000 -2.000274e+001 0.000000e+000
2.216480e+000 -2.000182e+001 0.000000e+000
2.225692e+000 -2.000065e+001 0.000000e+000
2.234634e+000 -1.999947e+001 0.000000e+000
2.243724e+000 -1.999845e+001 0.000000e+000
2.253449e+000 -1.999778e+001 0.000000e+000
2.265278e+000 -1.999771e+001 0.000000e+000
2.275268e+000 -1.999825e+001 0.000000e+000
2.285072e+000 -1.999914e+001 0.000000e+000
2.294506e+000 -2.000012e+001 0.000000e+000
2.303961e+000 -2.000101e+001 0.000000e+000
2.313909e+000 -2.000164e+001 0.000000e+000
2.325416e+000 -2.000182e+001 0.000000e+000
2.336167e+000 -2.000147e+001 0.000000e+000
2.346688e+000 -2.000077e+001 0.000000e+000
2.356665e+000 -1.999996e+001 0.000000e+000
2.366592e+000 -1.999923e+001 0.000000e+000
2.377019e+000 -1.999872e+001 0.000000e+000
2.389137e+000 -1.999859e+001 0.000000e+000
2.400315e+000 -1.999891e+001 0.000000e+000
2.411260e+000 -1.999951e+001 0.000000e+000
2.421710e+000 -2.000017e+001 0.000000e+000
2.432206e+000 -2.000073e+001 0.000000e+000
2.443435e+000 -2.000107e+001 0.000000e+000
2.456218e+000 -2.000104e+001 0.000000e+000
2.467558e+000 -2.000068e+001 0.000000e+000
2.478717e+000 -2.000015e+001 0.000000e+000
2.489641e+000 -1.999964e+001 0.000000e+000
2.500924e+000 -1.999926e+001 0.000000e+000
2.513703e+000 -1.999914e+001 0.000000e+000
2.526154e+000 -1.999935e+001 0.000000e+000
2.538304e+000 -1.999976e+001 0.000000e+000
2.549859e+000 -2.000019e+001 0.000000e+000
2.561560e+000 -2.000053e+001 0.000000e+000
2.574475e+000 -2.000067e+001 0.000000e+000
2.587932e+000 -2.000053e+001 0.000000e+000
2.600924e+000 -2.000020e+001 0.000000e+000
2.613115e+000 -1.999984e+001 0.000000e+000
2.625436e+000 -1.999957e+001 0.000000e+000
2.639178e+000 -1.999948e+001 0.000000e+000
2.652927e+000 -1.999962e+001 0.000000e+000
2.666305e+000 -1.999991e+001 0.000000e+000
2.679066e+000 -2.000019e+001 0.000000e+000
2.692213e+000 -2.000037e+001 0.000000e+000
2.707725e+000 -2.000038e+001 0.000000e+000
2.721539e+000 -2.000021e+001 0.000000e+000
2.735091e+000 -1.999997e+001 0.000000e+000
2.748529e+000 -1.999977e+001 0.000000e+000
2.763111e+000 -1.999968e+001 0.000000e+000
2.778193e+000 -1.999977e+001 0.000000e+000
2.793072e+000 -1.999996e+001 0.000000e+000
2.807201e+000 -2.000014e+001 0.000000e+000
2.821932e+000 -2.000024e+001 0.000000e+000
2.838317e+000 -2.000020e+001 0.000000e+000
2.854539e+000 -2.000005e+001 0.000000e+000
2.869493e+000 -1.999989e+001 0.000000e+000
2.884907e+000 -1.999981e+001 0.000000e+000
2.902020e+000 -1.999985e+001 0.000000e+000
2.918955e+000 -1.999998e+001 0.000000e+000
2.934657e+000 -2.000010e+001 0.000000e+000
2.951109e+000 -2.000015e+001 0.000000e+000
2.968497e+000 -2.000010e+001 0.000000e+000
2.985667e+000 -1.999999e+001 0.000000e+000
3.002130e+000 -1.999991e+001 0.000000e+000
3.020192e+000 -1.999989e+001 0.000000e+000
3.038057e+000 -1.999995e+001 0.000000e+000
3.055468e+000 -2.000004e+001 0.000000e+000
3.073047e+000 -2.000009e+001 0.000000e+000
3.092639e+000 -2.000007e+001 0.000000e+000
3.112072e+000 -1.999999e+001 0.000000e+000
3.130349e+000 -1.999994e+001 0.000000e+000
3.150839e+000 -1.999994e+001 0.000000e+000
3.170213e+000 -1.999999e+001 0.000000e+000
3.189214e+000 -2.000004e+001 0.000000e+000
3.209649e+000 -2.000005e+001 0.000000e+000
3.230336e+000 -2.000001e+001 0.000000e+000
3.250447e+000 -1.999997e+001 0.000000e+000
3.271578e+000 -1.999996e+001 0.000000e+000
3.293489e+000 -1.999999e+001 0.000000e+000
3.314675e+000 -2.000003e+001 0.000000e+000
3.337086e+000 -2.000003e+001 0.000000e+000
3.359850e+000 -2.000000e+001 0.000000e+000
3.382000e+000 -1.999998e+001 0.000000e+000
3.406607e+000 -1.999998e+001 0.000000e+000
3.432114e+000 -2.000001e+001 0.000000e+000
3.455909e+000 -2.000002e+001 0.000000e+000
3.482090e+000 -2.000000e+001 0.000000e+000
3.506955e+000 -1.999999e+001 0.000000e+000
3.533670e+000 -1.999999e+001 0.000000e+000
3.561628e+000 -2.000001e+001 0.000000e+000
3.588195e+000 -2.000001e+001 0.000000e+000
3.616542e+000 -2.000000e+001 0.000000e+000
3.643758e+000 -1.999999e+001 0.000000e+000
3.673467e+000 -2.000000e+001 0.000000e+000
3.702194e+000 -2.000001e+001 0.000000e+000
3.735653e+000 -2.000000e+001 0.000000e+000
3.766414e+000 -1.999999e+001 0.000000e+000
3.802121e+000 -2.000000e+001 0.000000e+000
3.834362e+000 -2.000000e+001 0.000000e+000
3.869256e+000 -2.000000e+001 0.000000e+000
3.902621e+000 -2.000000e+001 0.000000e+000
3.942358e+000 -2.000000e+001 0.000000e+000
3.978571e+000 -2.000000e+001 0.000000e+000
4.017629e+000 -2.000000e+001 0.000000e+000
4.059206e+000 -2.000000e+001 0.000000e+000
4.098265e+000 -2.000000e+001 0.000000e+000
4.146362e+000 -2.000000e+001 0.000000e+000
4.192983e+000 -2.000000e+001 0.000000e+000
4.236629e+000 -2.000000e+001 0.000000e+000
4.283016e+000 -2.000000e+001 0.000000e+000
4.347461e+000 -2.000000e+001 0.000000e+000
4.409966e+000 -2.000000e+001 0.000000e+000
4.475581e+000 -2.000000e+001 0.000000e+000
4.548375e+000 -2.000000e+001 0.000000e+000
4.615851e+000 -2.000000e+001 0.000000e+000
4.686018e+000 -2.000000e+001 0.000000e+000
4.755012e+000 -2.000000e+001 0.000000e+000
4.824253e+000 -2.000000e+001 0.000000e+000
4.895699e+000 -2.000000e+001 0.000000e+000
4.971427e+000 -2.000000e+001 0.000000e+000
5.056795e+000 -2.000000e+001 0.000000e+000
5.173151e+000 -2.000000e+001 0.000000e+000
5.278824e+000 -2.000000e+001 0.000000e+000
5.385212e+000 -2.000000e+001 0.000000e+000
5.515865e+000 -2.000000e+001 0.000000e+000
5.685395e+000 -2.000000e+001 0.000000e+000
5.849705e+000 -2.000000e+001 0.000000e+000
6.050116e+000 -2.000000e+001 0.000000e+000
6.307810e+000 -2.000000e+001 0.000000e+000
6.738169e+000 -2.000000e+001 0.000000e+000
7.323941e+000 -2.000000e+001 0.000000e+000
8.418408e+000 -2.000000e+001 0.000000e+000
1.000000e+001 -2.000000e+001 0.000000e+000
