2.534363e+002 -4.228508e-014 2.001771e+000
2.534382e+002 3.829223e-003 2.002150e+000
2.534598e+002 4.692965e-002 2.005911e+000
2.534803e+002 8.824116e-002 2.008632e+000
2.535006e+002 1.288692e-001 2.010451e+000
2.535205e+002 1.690109e-001 2.011403e+000
2.535402e+002 2.087090e-001 2.011503e+000
2.535598e+002 2.479792e-001 2.010767e+000
2.535791e+002 2.868320e-001 2.009205e+000
2.535982e+002 3.252764e-001 2.006829e+000
2.536172e+002 3.633207e-001 2.003650e+000
2.536360e+002 4.009725e-001 1.999677e+000
2.536547e+002 4.382389e-001 1.994918e+000
2.536732e+002 4.751267e-001 1.989381e+000
2.536916e+002 5.116419e-001 1.983073e+000
2.537098e+002 5.477905e-001 1.976000e+000
2.537280e+002 5.835776e-001 1.968168e+000
2.537460e+002 6.190083e-001 1.959582e+000
2.537640e+002 6.540871e-001 1.950246e+000
2.537818e+002 6.888183e-001 1.940164e+000
2.537996e+002 7.232059e-001 1.929340e+000
2.538173e+002 7.572535e-001 1.917777e+000
2.538349e+002 7.909646e-001 1.905476e+000
2.538525e+002 8.243422e-001 1.892441e+000
2.538700e+002 8.573889e-001 1.878672e+000
2.538875e+002 8.901075e-001 1.864169e+000
2.539050e+002 9.225003e-001 1.848935e+000
2.539224e+002 9.545694e-001 1.832968e+000
2.539398e+002 9.863167e-001 1.816267e+000
2.539572e+002 1.017744e+000 1.798833e+000
2.539746e+002 1.048852e+000 1.780662e+000
2.539919e+002 1.079644e+000 1.761752e+000
2.540093e+002 1.110119e+000 1.742100e+000
2.540267e+002 1.140279e+000 1.721703e+000
2.540442e+002 1.170125e+000 1.700556e+000
2.540617e+002 1.199657e+000 1.678652e+000
2.540792e+002 1.228876e+000 1.655986e+000
2.540968e+002 1.257783e+000 1.632550e+000
2.541144e+002 1.286378e+000 1.608334e+000
2.541321e+002 1.314661e+000 1.583330e+000
2.541500e+002 1.342633e+000 1.557524e+000
2.541679e+002 1.370294e+000 1.530902e+000
2.541859e+002 1.397644e+000 1.503450e+000
2.542040e+002 1.424684e+000 1.475148e+000
2.542223e+002 1.451415e+000 1.445974e+000
2.542408e+002 1.477837e+000 1.415904e+000
2.542595e+002 1.503953e+000 1.384908e+000
2.542783e+002 1.529763e+000 1.352950e+000
2.542973e+002 1.555156e+000 1.320144e+000
2.543163e+002 1.579958e+000 1.286702e+000
2.543354e+002 1.604134e+000 1.252677e+000
2.543544e+002 1.627673e+000 1.218096e+000
2.543735e+002 1.650566e+000 1.182977e+000
2.543926e+002 1.672806e+000 1.147342e+000
2.544117e+002 1.694385e+000 1.111212e+000
2.544308e+002 1.715296e+000 1.074607e+000
2.544500e+002 1.735529e+000 1.037549e+000
2.544692e+002 1.755078e+000 1.000060e+000
2.544884e+002 1.773935e+000 9.621613e-001
2.545076e+002 1.792091e+000 9.238758e-001
2.545269e+002 1.809539e+000 8.852266e-001
2.545463e+002 1.826270e+000 8.462365e-001
2.545656e+002 1.842277e+000 8.069292e-001
2.545850e+002 1.857553e+000 7.673284e-001
2.546045e+002 1.872089e+000 7.274577e-001
2.546240e+002 1.885878e+000 6.873410e-001
2.546435e+002 1.898913e+000 6.470023e-001
2.546631e+002 1.911187e+000 6.064657e-001
2.546827e+002 1.922693e+000 5.657549e-001
2.547024e+002 1.933425e+000 5.248938e-001
2.547221e+002 1.943376e+000 4.839056e-001
2.547419e+002 1.952541e+000 4.428140e-001
2.547617e+002 1.960914e+000 4.016415e-001
2.547816e+002 1.968490e+000 3.604106e-001
2.548016e+002 1.975263e+000 3.191434e-001
2.548215e+002 1.981230e+000 2.778611e-001
2.548416e+002 1.986385e+000 2.365846e-001
2.548617e+002 1.990725e+000 1.953337e-001
2.548818e+002 1.994247e+000 1.541279e-001
2.549021e+002 1.996946e+000 1.129855e-001
2.549223e+002 1.998820e+000 7.192418e-002
2.549427e+002 1.999865e+000 3.096085e-002
2.549631e+002 2.000080e+000 -9.888655e-003
2.549835e+002 1.999460e+000 -5.060930e-002
2.550040e+002 1.998005e+000 -9.118700e-002
2.550246e+002 1.995711e+000 -1.316085e-001
2.550453e+002 1.992577e+000 -1.718615e-001
2.550660e+002 1.988600e+000 -2.119346e-001
2.550868e+002 1.983778e+000 -2.518171e-001
2.551076e+002 1.978108e+000 -2.914994e-001
2.551286e+002 1.971589e+000 -3.309726e-001
2.551496e+002 1.964217e+000 -3.702285e-001
2.551707e+002 1.955991e+000 -4.092595e-001
2.551919e+002 1.946908e+000 -4.480589e-001
2.552132e+002 1.936964e+000 -4.866207e-001
2.552346e+002 1.926157e+000 -5.249393e-001
2.552560e+002 1.914484e+000 -5.630097e-001
2.552776e+002 1.901941e+000 -6.008274e-001
2.552992e+002 1.888524e+000 -6.383883e-001
2.553210e+002 1.874229e+000 -6.756888e-001
2.553428e+002 1.859052e+000 -7.127254e-001
2.553648e+002 1.842990e+000 -7.494949e-001
2.553869e+002 1.826036e+000 -7.859947e-001
2.554091e+002 1.808186e+000 -8.222221e-001
2.554314e+002 1.789435e+000 -8.581745e-001
2.554538e+002 1.769777e+000 -8.938492e-001
2.554764e+002 1.749206e+000 -9.292440e-001
2.554991e+002 1.727716e+000 -9.643565e-001
2.555219e+002 1.705301e+000 -9.991841e-001
2.555449e+002 1.681953e+000 -1.033724e+000
2.555680e+002 1.657665e+000 -1.067974e+000
2.555913e+002 1.632430e+000 -1.101931e+000
2.556147e+002 1.606239e+000 -1.135592e+000
2.556382e+002 1.579083e+000 -1.168954e+000
2.556620e+002 1.550953e+000 -1.202013e+000
2.556859e+002 1.521838e+000 -1.234766e+000
2.557099e+002 1.491727e+000 -1.267209e+000
2.557342e+002 1.460606e+000 -1.299338e+000
2.557586e+002 1.428462e+000 -1.331149e+000
2.557833e+002 1.395277e+000 -1.362639e+000
2.558081e+002 1.361032e+000 -1.393802e+000
2.558332e+002 1.325707e+000 -1.424634e+000
2.558585e+002 1.289274e+000 -1.455133e+000
2.558840e+002 1.251702e+000 -1.485293e+000
2.559099e+002 1.212954e+000 -1.515112e+000
2.559360e+002 1.172984e+000 -1.544589e+000
2.559624e+002 1.131737e+000 -1.573722e+000
2.559893e+002 1.089141e+000 -1.602513e+000
2.560165e+002 1.045106e+000 -1.630967e+000
2.560442e+002 9.995165e-001 -1.659093e+000
2.560725e+002 9.522157e-001 -1.686909e+000
2.561014e+002 9.029900e-001 -1.714445e+000
2.561312e+002 8.515315e-001 -1.741752e+000
2.561607e+002 7.997595e-001 -1.767760e+000
2.561896e+002 7.482269e-001 -1.792233e+000
2.562180e+002 6.971422e-001 -1.815141e+000
2.562456e+002 6.466139e-001 -1.836506e+000
2.562727e+002 5.967040e-001 -1.856371e+000
2.562991e+002 5.474453e-001 -1.874790e+000
2.563249e+002 4.988511e-001 -1.891817e+000
2.563501e+002 4.509214e-001 -1.907510e+000
2.563748e+002 4.036479e-001 -1.921923e+000
2.563990e+002 3.570169e-001 -1.935108e+000
2.564227e+002 3.110120e-001 -1.947111e+000
2.564459e+002 2.656150e-001 -1.957976e+000
2.564687e+002 2.208074e-001 -1.967743e+000
2.564912e+002 1.765705e-001 -1.976448e+000
2.565132e+002 1.328866e-001 -1.984125e+000
2.565349e+002 8.973832e-002 -1.990802e+000
2.565563e+002 4.710914e-002 -1.996508e+000
2.565774e+002 4.983662e-003 -2.001266e+000
2.565982e+002 -3.665272e-002 -2.005099e+000
2.566187e+002 -7.781362e-002 -2.008027e+000
2.566390e+002 -1.185118e-001 -2.010069e+000
2.566590e+002 -1.587593e-001 -2.011241e+000
2.566788e+002 -1.985670e-001 -2.011558e+000
2.566983e+002 -2.379456e-001 -2.011035e+000
2.567177e+002 -2.769045e-001 -2.009683e+000
2.567369e+002 -3.154528e-001 -2.007516e+000
2.567559e+002 -3.535990e-001 -2.004542e+000
2.567748e+002 -3.913507e-001 -2.000771e+000
2.567935e+002 -4.287153e-001 -1.996213e+000
2.568120e+002 -4.656995e-001 -1.990875e+000
2.568304e+002 -5.023097e-001 -1.984764e+000
2.568487e+002 -5.385518e-001 -1.977887e+000
2.568669e+002 -5.744311e-001 -1.970249e+000
2.568850e+002 -6.099528e-001 -1.961856e+000
2.569029e+002 -6.451214e-001 -1.952712e+000
2.569208e+002 -6.799414e-001 -1.942821e+000
2.569386e+002 -7.144169e-001 -1.932187e+000
2.569563e+002 -7.485514e-001 -1.920814e+000
2.569740e+002 -7.823486e-001 -1.908702e+000
2.569916e+002 -8.158114e-001 -1.895855e+000
2.570091e+002 -8.489428e-001 -1.882274e+000
2.570266e+002 -8.817454e-001 -1.867959e+000
2.570441e+002 -9.142216e-001 -1.852913e+000
2.570615e+002 -9.463735e-001 -1.837134e+000
2.570789e+002 -9.782032e-001 -1.820621e+000
2.570963e+002 -1.009712e+000 -1.803375e+000
2.571137e+002 -1.040902e+000 -1.785393e+000
2.571310e+002 -1.071775e+000 -1.766673e+000
2.571484e+002 -1.102331e+000 -1.747212e+000
2.571658e+002 -1.132572e+000 -1.727007e+000
2.571833e+002 -1.162498e+000 -1.706052e+000
2.572007e+002 -1.192111e+000 -1.684343e+000
2.572182e+002 -1.221411e+000 -1.661873e+000
2.572358e+002 -1.250398e+000 -1.638635e+000
2.572534e+002 -1.279073e+000 -1.614621e+000
2.572711e+002 -1.307436e+000 -1.589819e+000
2.572889e+002 -1.335488e+000 -1.564220e+000
2.573068e+002 -1.363228e+000 -1.537809e+000
2.573248e+002 -1.390658e+000 -1.510572e+000
2.573429e+002 -1.417778e+000 -1.482490e+000
2.573612e+002 -1.444588e+000 -1.453542e+000
2.573796e+002 -1.471089e+000 -1.423704e+000
2.573982e+002 -1.497283e+000 -1.392949e+000
2.574170e+002 -1.523172e+000 -1.361241e+000
2.574360e+002 -1.548709e+000 -1.328606e+000
2.574550e+002 -1.573669e+000 -1.295317e+000
2.574741e+002 -1.598007e+000 -1.261439e+000
2.574931e+002 -1.621710e+000 -1.226998e+000
2.575122e+002 -1.644769e+000 -1.192015e+000
2.575313e+002 -1.667177e+000 -1.156510e+000
2.575504e+002 -1.688926e+000 -1.120504e+000
2.575695e+002 -1.710009e+000 -1.084019e+000
2.575886e+002 -1.730416e+000 -1.047075e+000
2.576078e+002 -1.750141e+000 -1.009693e+000
2.576270e+002 -1.769176e+000 -9.718974e-001
2.576463e+002 -1.787512e+000 -9.337087e-001
2.576655e+002 -1.805142e+000 -8.951505e-001
2.576849e+002 -1.822057e+000 -8.562455e-001
2.577042e+002 -1.838250e+000 -8.170172e-001
2.577236e+002 -1.853714e+000 -7.774892e-001
2.577431e+002 -1.868440e+000 -7.376852e-001
2.577625e+002 -1.882421e+000 -6.976292e-001
2.577821e+002 -1.895649e+000 -6.573450e-001
2.578016e+002 -1.908119e+000 -6.168566e-001
2.578213e+002 -1.919822e+000 -5.761881e-001
2.578409e+002 -1.930753e+000 -5.353632e-001
2.578606e+002 -1.940904e+000 -4.944053e-001
2.578804e+002 -1.950271e+000 -4.533380e-001
2.579002e+002 -1.958847e+000 -4.121840e-001
2.579201e+002 -1.966627e+000 -3.709661e-001
2.579400e+002 -1.973606e+000 -3.297061e-001
2.579600e+002 -1.979780e+000 -2.884258e-001
2.579800e+002 -1.985143e+000 -2.471458e-001
2.580001e+002 -1.989692e+000 -2.058865e-001
2.580202e+002 -1.993424e+000 -1.646673e-001
2.580404e+002 -1.996334e+000 -1.235070e-001
2.580607e+002 -1.998419e+000 -8.242332e-002
2.580810e+002 -1.999677e+000 -4.143334e-002
2.581014e+002 -2.000104e+000 -5.532327e-004
2.581218e+002 -1.999698e+000 4.020179e-002
2.581423e+002 -1.998457e+000 8.081735e-002
2.581629e+002 -1.996378e+000 1.212800e-001
2.581835e+002 -1.993459e+000 1.615773e-001
2.582042e+002 -1.989698e+000 2.016974e-001
2.582250e+002 -1.985092e+000 2.416297e-001
2.582459e+002 -1.979640e+000 2.813642e-001
2.582668e+002 -1.973338e+000 3.208917e-001
2.582878e+002 -1.966185e+000 3.602038e-001
2.583089e+002 -1.958178e+000 3.992930e-001
2.583300e+002 -1.949314e+000 4.381523e-001
2.583513e+002 -1.939591e+000 4.767755e-001
2.583726e+002 -1.929005e+000 5.151568e-001
2.583941e+002 -1.917554e+000 5.532910e-001
2.584156e+002 -1.905234e+000 5.911738e-001
2.584372e+002 -1.892041e+000 6.288006e-001
2.584589e+002 -1.877971e+000 6.661681e-001
2.584808e+002 -1.863021e+000 7.032724e-001
2.585027e+002 -1.847185e+000 7.401106e-001
2.585248e+002 -1.830460e+000 7.766796e-001
2.585469e+002 -1.812840e+000 8.129769e-001
2.585692e+002 -1.794320e+000 8.489999e-001
2.585916e+002 -1.774894e+000 8.847461e-001
2.586142e+002 -1.754558e+000 9.202127e-001
2.586368e+002 -1.733304e+000 9.553977e-001
2.586596e+002 -1.711126e+000 9.902984e-001
2.586826e+002 -1.688017e+000 1.024912e+000
2.587056e+002 -1.663971e+000 1.059237e+000
2.587289e+002 -1.638979e+000 1.093269e+000
2.587522e+002 -1.613033e+000 1.127006e+000
2.587758e+002 -1.586125e+000 1.160445e+000
2.587994e+002 -1.558245e+000 1.193582e+000
2.588233e+002 -1.529384e+000 1.226413e+000
2.588473e+002 -1.499528e+000 1.258936e+000
2.588715e+002 -1.468668e+000 1.291146e+000
2.588959e+002 -1.436787e+000 1.323039e+000
2.589205e+002 -1.403870e+000 1.354611e+000
2.589453e+002 -1.369899e+000 1.385857e+000
2.589703e+002 -1.334852e+000 1.416775e+000
2.589955e+002 -1.298705e+000 1.447359e+000
2.590210e+002 -1.261428e+000 1.477606e+000
2.590468e+002 -1.222985e+000 1.507513e+000
2.590728e+002 -1.183333e+000 1.537078e+000
2.590992e+002 -1.142418e+000 1.566299e+000
2.591259e+002 -1.100175e+000 1.595177e+000
2.591530e+002 -1.056518e+000 1.623716e+000
2.591806e+002 -1.011340e+000 1.651925e+000
2.592087e+002 -9.644947e-001 1.679818e+000
2.592375e+002 -9.157862e-001 1.707422e+000
2.592670e+002 -8.649357e-001 1.734781e+000
2.592966e+002 -8.132225e-001 1.761135e+000
2.593257e+002 -7.616114e-001 1.786010e+000
2.593542e+002 -7.103990e-001 1.809324e+000
2.593821e+002 -6.597186e-001 1.831087e+000
2.594092e+002 -6.096435e-001 1.851338e+000
2.594358e+002 -5.602132e-001 1.870128e+000
2.594618e+002 -5.114453e-001 1.887512e+000
2.594871e+002 -4.633429e-001 1.903548e+000
2.595120e+002 -4.158996e-001 1.918289e+000
2.595363e+002 -3.691028e-001 1.931789e+000
2.595601e+002 -3.229365e-001 1.944095e+000
2.595835e+002 -2.773830e-001 1.955253e+000
2.596064e+002 -2.324236e-001 1.965302e+000
2.596289e+002 -1.880399e-001 1.974281e+000
2.596511e+002 -1.442137e-001 1.982223e+000
2.596729e+002 -1.009274e-001 1.989158e+000
2.596943e+002 -5.816455e-002 1.995114e+000
2.597155e+002 -1.590930e-002 2.000116e+000
2.597234e+002 -3.856402e-012 2.001771e+000
---
 1.000000e-011 1.000000e-011 1.000000e-009