 42.096  31.794	 
 42.096  31.794	 
 42.096  31.794	 
 42.096  31.794	 
 42.096  31.794	 
 42.096  31.793	 
 42.096  31.794	 
 42.096  31.795	 
 42.096  31.795	 
 42.096  31.795	 
 42.096  31.795	 
 42.096  31.795	 
 42.096  31.795	 
 42.096  31.795	 
 42.096  31.795	 
 42.096  31.795	 
 42.096  31.795	 
 42.096  31.795	 
 42.096  31.795	 
 42.096  31.795	 
 42.096  31.795	 
 42.096  31.795	 
 42.096  31.795	 
 42.096  31.795	 
 42.096  31.795	 
 42.096  31.795	 
 42.096  31.795	 
 42.096  31.795	 
 42.096  31.795	 
 42.096  31.795	 
 42.096  31.795	 
 42.096  31.796	 
 42.096  31.796	 
 42.096  31.796	 
 42.096  31.796	 
 42.096  31.796	 
 42.096  31.796	 
 42.096  31.796	 
 42.096  31.796	 
 42.096  31.796	 
 42.096  31.796	 
 42.096  31.796	 
 42.096  31.796	 
 42.096  31.796	 
 42.096  31.796	 
 42.096  31.796	 
 42.096  31.796	 
 42.096  31.796	 
 42.096  31.796	 
 42.096  31.795	 
 42.096  31.795	 
 42.096  31.795	 
 42.096  31.795	 
 42.096  31.795	 
 42.095  31.795	 
 42.095  31.795	 
 42.095  31.795	 
 42.095  31.795	 
 42.095  31.795	 
 42.095  31.795	 
 42.095  31.795	 
 42.096  31.795	 
 42.096  31.795	 
 42.096  31.796	 
 42.096  31.796	 
 42.096  31.796	 
 42.096  31.796	 
 42.096  31.796	 
 42.096  31.796	 
 42.096  31.797	 
 42.096  31.797	 
 42.097  31.797	 
 42.097  31.798	 
 42.097  31.798	 
 42.097  31.798	 
 42.097  31.798	 
 42.097  31.798	 
 42.097  31.799	 
 42.097  31.799	 
 42.097  31.799	 
 42.097  31.799	 
 42.097  31.799	 
 42.097  31.799	 
 42.097  31.799	 
 42.097  31.799	 
 42.097  31.799	 
 42.097  31.799	 
 42.097  31.798	 
 42.097  31.798	 
 42.097  31.798	 
 42.097  31.798	 
 42.097  31.798	 
 42.097  31.798	 
 42.097  31.798	 
 42.096  31.798	 
 42.096  31.798	 
 42.096  31.798	 
 42.096  31.798	 
 42.096  31.798	 
 42.096  31.798	 
 42.096  31.797	 
 42.096  31.797	 
 42.096  31.797	 
 42.096  31.797	 
 42.096  31.797	 
 42.096  31.797	 
 42.096  31.797	 
 42.096  31.797	 
 42.096  31.797	 
 42.096  31.797	 
 42.096  31.797	 
 42.096  31.797	 
 42.096  31.797	 
 42.096  31.797	 
 42.096  31.797	 
 42.096  31.797	 
 42.096  31.797	 
 42.096  31.797	 
 42.096  31.797	 
 42.096  31.797	 
 42.096  31.797	 
 42.096  31.797	 
 42.096  31.797	 
 42.096  31.797	 
 42.096  31.796	 
 42.096  31.796	 
 42.096  31.796	 
 42.096  31.796	 
 42.096  31.796	 
 42.096  31.796	 
 42.095  31.796	 
 42.095  31.796	 
 42.095  31.796	 
 42.095  31.795	 
 42.095  31.795	 
 42.095  31.795	 
 42.095  31.795	 
 42.095  31.795	 
 42.095  31.795	 
 42.095  31.794	 
 42.094  31.794	 
 42.095  31.794	 
 42.095  31.794	 
 42.095  31.794	 
 42.094  31.794	 
 42.094  31.794	 
 42.094  31.794	 
 42.094  31.794	 
 42.094  31.794	 
 42.094  31.794	 
 42.094  31.793	 
 42.094  31.793	 
 42.094  31.793	 
 42.094  31.793	 
 42.094  31.793	 
 42.095  31.793	 
 42.095  31.793	 
 42.095  31.793	 
 42.095  31.793	 
 42.095  31.793	 
 42.095  31.793	 
 42.095  31.793	 
 42.095  31.793	 
 42.095  31.793	 
 42.095  31.793	 
 42.095  31.793	 
 42.095  31.793	 
 42.095  31.793	 
 42.095  31.793	 
 42.095  31.793	 
 42.095  31.793	 
 42.095  31.794	 
 42.095  31.794	 
 42.095  31.794	 
 42.095  31.794	 
 42.095  31.794	 
 42.095  31.794	 
 42.095  31.794	 
 42.095  31.794	 
 42.095  31.794	 
 42.095  31.794	 
 42.095  31.794	 
 42.095  31.794	 
 42.095  31.794	 
 42.095  31.794	 
 42.095  31.794	 
 42.095  31.794	 
 42.095  31.794	 
 42.095  31.794	 
 42.095  31.794	 
 42.095  31.794	 
 42.095  31.794	 
 42.095  31.794	 
 42.095  31.794	 
 42.095  31.794	 
 42.095  31.794	 
 42.095  31.794	 
 42.095  31.794	 
 42.095  31.794	 
 42.095  31.794	 
 42.095  31.794	 
 42.095  31.794	 
 42.095  31.794	 
 42.095  31.794	 
 42.095  31.794	 
 42.095  31.794	 
 42.095  31.794	 
 42.095  31.794	 
 42.095  31.794	 
 42.095  31.794	 
 42.095  31.794	 
 42.095  31.794	 
 42.095  31.794	 
 42.095  31.794	 
 42.095  31.794	 
 42.095  31.794	 
 42.095  31.794	 
 42.095  31.794	 
 42.095  31.794	 
 42.095  31.794	 
 42.095  31.794	 
 42.095  31.794	 
 42.094  31.795	 
 42.094  31.796	 
 42.094  31.797	 
 42.093  31.797	 
 42.093  31.798	 
 42.092  31.799	 
 42.092  31.800	 
 42.091  31.801	 
 42.091  31.802	 
 42.090  31.803	 
 42.090  31.804	 
 42.089  31.805	 
 42.089  31.806	 
 42.088  31.807	 
 42.088  31.808	 
 42.087  31.809	 
 42.086  31.810	 
 42.086  31.812	 
 42.085  31.813	 
 42.084  31.814	 
 42.084  31.815	 
 42.083  31.816	 
 42.082  31.817	 
 42.082  31.818	 
 42.081  31.819	 
 42.081  31.820	 
 42.080  31.820	 
 42.080  31.821	 
 42.079  31.822	 
 42.079  31.823	 
 42.078  31.824	 
 42.078  31.824	 
 42.077  31.825	 
 42.076  31.826	 
 42.076  31.826	 
 42.075  31.826	 
 42.074  31.826	 
 42.074  31.825	 
 42.074  31.825	 
 42.073  31.824	 
 42.073  31.823	 
 42.073  31.823	 
 42.072  31.822	 
 42.072  31.822	 
 42.072  31.821	 
 42.072  31.821	 
 42.071  31.820	 
 42.071  31.819	 
 42.071  31.818	 
 42.070  31.818	 
 42.070  31.817	 
 42.069  31.816	 
 42.069  31.816	 
 42.069  31.815	 
 42.069  31.814	 
 42.068  31.813	 
 42.068  31.812	 
 42.067  31.811	 
 42.067  31.811	 
 42.067  31.810	 
 42.066  31.810	 
 42.066  31.809	 
 42.065  31.808	 
 42.065  31.807	 
 42.064  31.806	 
 42.064  31.805	 
 42.063  31.805	 
 42.062  31.804	 
 42.062  31.803	 
 42.061  31.802	 
 42.060  31.801	 
 42.060  31.801	 
 42.059  31.800	 
 42.059  31.799	 
 42.059  31.798	 
 42.058  31.797	 
 42.058  31.796	 
 42.057  31.795	 
 42.057  31.795	 
 42.057  31.794	 
 42.056  31.793	 
 42.056  31.792	 
 42.055  31.792	 
 42.055  31.791	 
 42.054  31.790	 
 42.054  31.789	 
 42.053  31.788	 
 42.053  31.788	 
 42.052  31.786	 
 42.052  31.786	 
 42.051  31.785	 
 42.051  31.784	 
 42.050  31.783	 
 42.050  31.782	 
 42.050  31.781	 
 42.049  31.780	 
 42.049  31.779	 
 42.049  31.779	 
 42.048  31.778	 
 42.048  31.777	 
 42.048  31.776	 
 42.048  31.774	 
 42.047  31.773	 
 42.046  31.771	 
 42.046  31.770	 
 42.045  31.769	 
 42.044  31.767	 
 42.043  31.766	 
 42.043  31.765	 
 42.042  31.764	 
 42.041  31.763	 
 42.040  31.762	 
 42.040  31.761	 
 42.039  31.759	 
 42.038  31.758	 
 42.037  31.757	 
 42.037  31.756	 
 42.036  31.755	 
 42.035  31.754	 
 42.035  31.753	 
 42.034  31.752	 
 42.033  31.751	 
 42.033  31.750	 
 42.032  31.749	 
 42.031  31.748	 
 42.030  31.746	 
 42.030  31.745	 
 42.029  31.743	 
 42.028  31.742	 
 42.028  31.741	 
 42.027  31.740	 
 42.026  31.739	 
 42.026  31.737	 
 42.025  31.736	 
 42.024  31.735	 
 42.023  31.734	 
 42.023  31.733	 
 42.022  31.732	 
 42.022  31.731	 
 42.021  31.730	 
 42.021  31.729	 
 42.020  31.728	 
 42.019  31.727	 
 42.019  31.725	 
 42.018  31.724	 
 42.018  31.724	 
 42.017  31.723	 
 42.016  31.722	 
 42.016  31.721	 
 42.015  31.720	 
 42.014  31.719	 
 42.014  31.718	 
 42.013  31.717	 
 42.013  31.717	 
 42.013  31.716	 
 42.012  31.715	 
 42.011  31.714	 
 42.011  31.713	 
 42.010  31.712	 
 42.009  31.711	 
 42.009  31.710	 
 42.008  31.709	 
 42.008  31.708	 
 42.007  31.708	 
 42.007  31.707	 
 42.007  31.707	 
 42.006  31.706	 
 42.005  31.704	 
 42.005  31.702	 
 42.004  31.701	 
 42.004  31.700	 
 42.004  31.699	 
 42.004  31.699	 
 42.004  31.698	 
 42.004  31.697	 
 42.003  31.696	 
 42.003  31.695	 
 42.003  31.694	 
 42.002  31.693	 
 42.002  31.691	 
 42.002  31.690	 
 42.001  31.689	 
 42.001  31.688	 
 42.001  31.686	 
 42.001  31.685	 
 42.000  31.684	 
 41.999  31.682	 
 41.998  31.681	 
 41.997  31.680	 
 41.996  31.679	 
 41.995  31.678	 
 41.994  31.677	 
 41.993  31.676	 
 41.992  31.675	 
 41.992  31.674	 
 41.991  31.673	 
 41.990  31.672	 
 41.990  31.671	 
 41.989  31.670	 
 41.988  31.669	 
 41.987  31.668	 
 41.987  31.667	 
 41.986  31.666	 
 41.985  31.664	 
 41.985  31.662	 
 41.984  31.661	 
 41.983  31.659	 
 41.982  31.658	 
 41.981  31.656	 
 41.980  31.654	 
 41.980  31.654	 
 41.979  31.653	 
 41.978  31.652	 
 41.978  31.651	 
 41.977  31.651	 
 41.977  31.650	 
 41.976  31.649	 
 41.975  31.648	 
 41.975  31.647	 
 41.975  31.645	 
 41.975  31.644	 
 41.975  31.642	 
 41.975  31.641	 
 41.976  31.640	 
 41.976  31.640	 
 41.977  31.639	 
 41.978  31.638	 
 41.978  31.637	 
 41.979  31.636	 
 41.980  31.635	 
 41.981  31.634	 
 41.981  31.633	 
 41.982  31.632	 
 41.983  31.631	 
 41.983  31.630	 
 41.984  31.629	 
 41.985  31.628	 
 41.985  31.627	 
 41.986  31.626	 
 41.986  31.625	 
 41.987  31.624	 
 41.987  31.623	 
 41.988  31.622	 
 41.988  31.620	 
 41.989  31.619	 
 41.989  31.618	 
 41.990  31.617	 
 41.991  31.616	 
 41.991  31.615	 
 41.992  31.614	 
 41.993  31.613	 
 41.993  31.612	 
 41.994  31.611	 
 41.994  31.610	 
 41.995  31.609	 
 41.996  31.608	 
 41.997  31.607	 
 41.997  31.606	 
 41.998  31.605	 
 41.998  31.604	 
 41.999  31.603	 
 42.000  31.602	 
 42.000  31.601	 
 42.001  31.600	 
 42.001  31.598	 
 42.002  31.597	 
 42.003  31.596	 
 42.004  31.595	 
 42.004  31.594	 
 42.005  31.593	 
 42.006  31.592	 
 42.006  31.591	 
 42.007  31.590	 
 42.008  31.589	 
 42.009  31.588	 
 42.009  31.587	 
 42.010  31.586	 
 42.010  31.585	 
 42.011  31.584	 
 42.012  31.583	 
 42.012  31.582	 
 42.013  31.581	 
 42.013  31.580	 
 42.014  31.579	 
 42.015  31.577	 
 42.015  31.576	 
 42.016  31.575	 
 42.017  31.574	 
 42.017  31.573	 
 42.018  31.572	 
 42.018  31.571	 
 42.019  31.570	 
 42.019  31.569	 
 42.020  31.569	 
 42.020  31.568	 
 42.021  31.566	 
 42.021  31.565	 
 42.022  31.564	 
 42.022  31.563	 
 42.023  31.562	 
 42.023  31.561	 
 42.024  31.560	 
 42.025  31.559	 
 42.025  31.558	 
 42.026  31.557	 
 42.027  31.556	 
 42.027  31.555	 
 42.028  31.554	 
 42.028  31.553	 
 42.029  31.552	 
 42.030  31.551	 
 42.030  31.550	 
 42.031  31.549	 
 42.032  31.548	 
 42.032  31.547	 
 42.033  31.546	 
 42.033  31.545	 
 42.034  31.544	 
 42.035  31.543	 
 42.035  31.542	 
 42.036  31.541	 
 42.036  31.540	 
 42.037  31.539	 
 42.038  31.538	 
 42.038  31.537	 
 42.039  31.536	 
 42.039  31.535	 
 42.040  31.534	 
 42.040  31.533	 
 42.041  31.532	 
 42.041  31.531	 
 42.042  31.530	 
 42.043  31.529	 
 42.043  31.528	 
 42.044  31.527	 
 42.044  31.526	 
 42.045  31.524	 
 42.046  31.523	 
 42.046  31.522	 
 42.047  31.521	 
 42.047  31.520	 
 42.048  31.519	 
 42.049  31.518	 
 42.049  31.517	 
 42.050  31.516	 
 42.051  31.515	 
 42.051  31.514	 
 42.052  31.513	 
 42.052  31.512	 
 42.053  31.511	 
 42.054  31.510	 
 42.054  31.509	 
 42.055  31.508	 
 42.055  31.507	 
 42.056  31.506	 
 42.056  31.505	 
 42.057  31.503	 
 42.058  31.502	 
 42.058  31.501	 
 42.059  31.500	 
 42.060  31.499	 
 42.060  31.498	 
 42.061  31.497	 
 42.062  31.496	 
 42.062  31.495	 
 42.063  31.494	 
 42.063  31.493	 
 42.064  31.493	 
 42.065  31.492	 
 42.066  31.491	 
 42.066  31.490	 
 42.067  31.489	 
 42.067  31.489	 
 42.068  31.489	 
 42.068  31.489	 
 42.069  31.490	 
 42.070  31.491	 
 42.070  31.492	 
 42.071  31.493	 
 42.071  31.494	 
 42.072  31.495	 
 42.072  31.496	 
 42.073  31.497	 
 42.074  31.498	 
 42.074  31.499	 
 42.075  31.500	 
 42.076  31.501	 
 42.076  31.502	 
 42.077  31.502	 
 42.077  31.504	 
 42.078  31.505	 
 42.078  31.506	 
 42.079  31.507	 
 42.079  31.508	 
 42.080  31.509	 
 42.080  31.511	 
 42.081  31.512	 
 42.081  31.513	 
 42.082  31.514	 
 42.082  31.514	 
 42.083  31.516	 
 42.084  31.516	 
 42.084  31.518	 
 42.084  31.520	 
 42.085  31.522	 
 42.085  31.525	 
 42.086  31.527	 
 42.086  31.529	 
 42.086  31.530	 
 42.087  31.532	 
 42.087  31.534	 
 42.088  31.535	 
 42.089  31.536	 
 42.089  31.537	 
 42.090  31.538	 
 42.091  31.539	 
 42.092  31.539	 
 42.093  31.540	 
 42.094  31.540	 
 42.094  31.541	 
 42.095  31.542	 
 42.096  31.543	 
 42.096  31.544	 
 42.097  31.545	 
 42.097  31.546	 
 42.097  31.548	 
 42.098  31.550	 
 42.098  31.551	 
 42.099  31.552	 
 42.099  31.554	 
 42.100  31.555	 
 42.100  31.556	 
 42.101  31.557	 
 42.101  31.559	 
 42.102  31.560	 
 42.102  31.563	 
 42.103  31.565	 
 42.103  31.566	 
 42.104  31.567	 
 42.104  31.569	 
 42.105  31.571	 
 42.105  31.572	 
 42.106  31.574	 
 42.107  31.575	 
 42.107  31.576	 
 42.108  31.576	 
 42.108  31.577	 
 42.109  31.577	 
 42.110  31.577	 
 42.111  31.578	 
 42.111  31.578	 
 42.112  31.579	 
 42.113  31.579	 
 42.113  31.580	 
 42.114  31.580	 
 42.115  31.581	 
 42.115  31.582	 
 42.116  31.583	 
 42.117  31.583	 
 42.117  31.584	 
 42.118  31.584	 
 42.119  31.586	 
 42.119  31.587	 
 42.120  31.587	 
 42.121  31.588	 
 42.121  31.589	 
 42.122  31.590	 
 42.122  31.591	 
 42.123  31.592	 
 42.124  31.593	 
 42.124  31.594	 
 42.125  31.596	 
 42.126  31.597	 
 42.125  31.601	 
 42.126  31.602	 
 42.125  31.605	 
 42.126  31.606	 
 42.126  31.608	 
 42.127  31.609	 
 42.127  31.611	 
 42.128  31.612	 
 42.128  31.613	 
 42.129  31.614	 
 42.129  31.615	 
 42.130  31.616	 
 42.130  31.617	 
 42.131  31.617	 
 42.131  31.618	 
 42.132  31.619	 
 42.133  31.619	 
 42.133  31.620	 
 42.134  31.621	 
 42.134  31.623	 
 42.135  31.625	 
 42.135  31.626	 
 42.136  31.627	 
 42.136  31.628	 
 42.137  31.630	 
 42.138  31.630	 
 42.138  31.631	 
 42.139  31.632	 
 42.140  31.633	 
 42.141  31.634	 
 42.141  31.634	 
 42.142  31.634	 
 42.143  31.634	 
 42.144  31.635	 
 42.144  31.635	 
 42.145  31.637	 
 42.145  31.638	 
 42.146  31.639	 
 42.146  31.640	 
 42.147  31.642	 
 42.147  31.643	 
 42.148  31.645	 
 42.149  31.646	 
 42.149  31.648	 
 42.150  31.650	 
 42.150  31.651	 
 42.151  31.652	 
 42.152  31.653	 
 42.152  31.654	 
 42.153  31.655	 
 42.153  31.656	 
 42.154  31.657	 
 42.155  31.658	 
 42.156  31.660	 
 42.157  31.660	 
 42.158  31.661	 
 42.158  31.662	 
 42.159  31.664	 
 42.160  31.665	 
 42.160  31.665	 
 42.161  31.666	 
 42.162  31.667	 
 42.163  31.668	 
 42.163  31.669	 
 42.164  31.669	 
 42.165  31.670	 
 42.165  31.671	 
 42.166  31.671	 
 42.167  31.672	 
 42.167  31.672	 
 42.168  31.673	 
 42.168  31.674	 
 42.168  31.675	 
 42.167  31.676	 
 42.166  31.677	 
 42.166  31.678	 
 42.165  31.679	 
 42.164  31.680	 
 42.164  31.681	 
 42.163  31.682	 
 42.162  31.683	 
 42.162  31.683	 
 42.161  31.684	 
 42.161  31.685	 
 42.160  31.686	 
 42.160  31.687	 
 42.159  31.688	 
 42.159  31.689	 
 42.158  31.690	 
 42.157  31.691	 
 42.157  31.692	 
 42.156  31.693	 
 42.156  31.694	 
 42.155  31.695	 
 42.155  31.696	 
 42.154  31.697	 
 42.154  31.698	 
 42.153  31.699	 
 42.153  31.699	 
 42.152  31.700	 
 42.152  31.701	 
 42.151  31.702	 
 42.151  31.703	 
 42.150  31.704	 
 42.149  31.705	 
 42.149  31.707	 
 42.148  31.708	 
 42.147  31.709	 
 42.147  31.710	 
 42.146  31.711	 
 42.146  31.712	 
 42.145  31.713	 
 42.145  31.714	 
 42.144  31.714	 
 42.144  31.715	 
 42.143  31.716	 
 42.143  31.716	 
 42.142  31.717	 
 42.141  31.718	 
 42.141  31.719	 
 42.140  31.720	 
 42.140  31.721	 
 42.139  31.722	 
 42.138  31.723	 
 42.138  31.724	 
 42.137  31.725	 
 42.137  31.726	 
 42.136  31.728	 
 42.135  31.729	 
 42.135  31.730	 
 42.134  31.731	 
 42.134  31.732	 
 42.133  31.732	 
 42.132  31.734	 
 42.132  31.734	 
 42.131  31.735	 
 42.131  31.736	 
 42.130  31.737	 
 42.126  31.743	 
 42.126  31.744	 
 42.124  31.746	 
 42.124  31.747	 
 42.121  31.751	 
 42.121  31.752	 
 42.120  31.754	 
 42.119  31.756	 
 42.119  31.757	 
 42.118  31.758	 
 42.118  31.759	 
 42.117  31.760	 
 42.117  31.760	 
 42.116  31.761	 
 42.116  31.762	 
 42.115  31.763	 
 42.115  31.764	 
 42.114  31.765	 
 42.114  31.766	 
 42.113  31.767	 
 42.113  31.768	 
 42.112  31.769	 
 42.111  31.770	 
 42.111  31.771	 
 42.110  31.772	 
 42.110  31.773	 
 42.109  31.774	 
 42.109  31.774	 
 42.109  31.776	 
 42.108  31.777	 
 42.108  31.777	 
 42.107  31.778	 
 42.107  31.778	 
 42.106  31.778	 
 42.107  31.778	 
 42.107  31.777	 
 42.108  31.777	 
 42.108  31.776	 
 42.108  31.775	 
 42.109  31.774	 
 42.110  31.773	 
 42.110  31.773	 
 42.111  31.772	 
 42.112  31.771	 
 42.112  31.770	 
 42.113  31.769	 
 42.113  31.768	 
 42.114  31.767	 
 42.114  31.767	 
 42.115  31.765	 
 42.115  31.764	 
 42.116  31.763	 
 42.116  31.762	 
 42.116  31.761	 
 42.117  31.760	 
 42.117  31.759	 
 42.118  31.758	 
 42.118  31.757	 
 42.119  31.756	 
 42.119  31.755	 
 42.119  31.753	 
 42.119  31.752	 
 42.119  31.750	 
 42.119  31.749	 
 42.118  31.747	 
 42.118  31.746	 
 42.118  31.744	 
 42.118  31.743	 
 42.117  31.742	 
 42.117  31.741	 
 42.116  31.740	 
 42.116  31.739	 
 42.115  31.737	 
 42.115  31.736	 
 42.114  31.735	 
 42.114  31.733	 
 42.113  31.732	 
 42.113  31.731	 
 42.112  31.730	 
 42.111  31.729	 
 42.111  31.727	 
 42.110  31.726	 
 42.110  31.725	 
 42.109  31.724	 
 42.109  31.723	 
 42.108  31.722	 
 42.108  31.721	 
 42.107  31.720	 
 42.107  31.719	 
 42.106  31.717	 
 42.106  31.716	 
 42.105  31.715	 
 42.104  31.714	 
 42.104  31.713	 
 42.103  31.712	 
 42.103  31.711	 
 42.102  31.710	 
 42.101  31.709	 
 42.101  31.708	 
 42.100  31.707	 
 42.100  31.706	 
 42.100  31.705	 
 42.099  31.704	 
 42.098  31.702	 
 42.098  31.701	 
 42.097  31.700	 
 42.097  31.699	 
 42.096  31.699	 
 42.096  31.698	 
 42.095  31.697	 
 42.095  31.696	 
 42.094  31.695	 
 42.094  31.694	 
 42.093  31.693	 
 42.093  31.692	 
 42.093  31.691	 
 42.092  31.691	 
 42.092  31.690	 
 42.091  31.689	 
 42.090  31.688	 
 42.090  31.687	 
 42.089  31.686	 
 42.089  31.685	 
 42.088  31.684	 
 42.088  31.683	 
 42.087  31.683	 
 42.086  31.682	 
 42.086  31.681	 
 42.085  31.680	 
 42.085  31.679	 
 42.084  31.677	 
 42.083  31.676	 
 42.082  31.675	 
 42.082  31.674	 
 42.081  31.673	 
 42.080  31.672	 
 42.079  31.671	 
 42.079  31.670	 
 42.078  31.669	 
 42.077  31.668	 
 42.077  31.667	 
 42.076  31.666	 
 42.075  31.666	 
 42.075  31.665	 
 42.074  31.665	 
 42.073  31.664	 
 42.073  31.664	 
 42.072  31.664	 
 42.071  31.663	 
 42.071  31.663	 
 42.070  31.663	 
 42.070  31.662	 
 42.069  31.662	 
 42.069  31.662	 
 42.069  31.661	 
 42.069  31.661	 
 42.068  31.661	 
 42.068  31.660	 
 42.068  31.660	 
 42.068  31.660	 
 42.068  31.660	 
 42.068  31.660	 
 42.068  31.660	 
 42.068  31.660	 
 42.068  31.660	 
 42.068  31.660	 
 42.068  31.660	 
 42.068  31.660	 
 42.068  31.660	 
 42.068  31.661	 
 42.068  31.661	 
 42.068  31.661	 
 42.068  31.661	 
 42.068  31.661	 
 42.068  31.661	 
 42.068  31.661	 
 42.068  31.661	 
 42.068  31.661	 
 42.068  31.661	 
 42.068  31.661	 
 42.068  31.661	 
 42.068  31.661	 
 42.068  31.660	 
 42.068  31.659	 
 42.068  31.658	 
 42.068  31.657	 
 42.068  31.656	 
 42.068  31.656	 
 42.068  31.655	 
 42.068  31.654	 
 42.069  31.654	 
 42.069  31.654	 
 42.069  31.654	 
 42.069  31.654	 
 42.069  31.654	 
 42.069  31.654	 
 42.069  31.654	 
 42.069  31.654	 
 42.069  31.654	 
 42.069  31.654	 
 42.069  31.654	 
 42.069  31.654	 
 42.069  31.654	 
 42.069  31.654	 
 42.069  31.654	 
 42.069  31.654	 
 42.069  31.654	 
 42.069  31.654	 
 42.069  31.654	 
 42.069  31.654	 
 42.069  31.654	 
 42.069  31.654	 
 42.069  31.654	 
 42.069  31.654	 
 42.069  31.654	 
 42.069  31.654	 
 42.069  31.654	 
 42.069  31.654	 
 42.069  31.654	 
 42.069  31.654	 
 42.069  31.655	 
 42.069  31.655	 
 42.069  31.655	 
 42.068  31.655	 
 42.068  31.655	 
 42.068  31.655	 
 42.068  31.655	 
 42.068  31.655	 
 42.068  31.655	 
 42.068  31.655	 
 42.068  31.655	 
 42.068  31.655	 
 42.068  31.655	 
 42.068  31.655	 
 42.068  31.655	 
 42.068  31.655	 
 42.068  31.656	 
 42.068  31.657	 
 42.068  31.657	 
 42.068  31.658	 
 42.068  31.659	 
 42.068  31.660	 
 42.067  31.661	 
 42.067  31.662	 
 42.067  31.663	 
 42.066  31.664	 
 42.066  31.665	 
 42.066  31.666	 
 42.065  31.667	 
 42.065  31.668	 
 42.064  31.669	 
 42.064  31.670	 
 42.064  31.671	 
 42.063  31.672	 
 42.063  31.673	 
 42.062  31.673	 
 42.062  31.675	 
 42.062  31.676	 
 42.061  31.676	 
 42.061  31.677	 
 42.060  31.678	 
 42.060  31.679	 
 42.059  31.680	 
 42.059  31.682	 
 42.058  31.683	 
 42.058  31.684	 
 42.057  31.685	 
 42.057  31.686	 
 42.056  31.687	 
 42.055  31.688	 
 42.055  31.689	 
 42.054  31.690	 
 42.054  31.691	 
 42.053  31.691	 
 42.053  31.693	 
 42.052  31.694	 
 42.052  31.695	 
 42.051  31.696	 
 42.051  31.697	 
 42.050  31.698	 
 42.049  31.699	 
 42.049  31.700	 
 42.048  31.701	 
 42.048  31.702	 
 42.047  31.703	 
 42.047  31.704	 
 42.046  31.705	 
 42.045  31.706	 
 42.045  31.707	 
 42.044  31.708	 
 42.044  31.709	 
 42.043  31.711	 
 42.043  31.712	 
 42.042  31.713	 
 42.042  31.714	 
 42.042  31.715	 
 42.041  31.716	 
 42.041  31.717	 
 42.040  31.718	 
 42.040  31.719	 
 42.039  31.720	 
 42.039  31.720	 
 42.038  31.720	 
 42.037  31.720	 
 42.037  31.720	 
 42.036  31.720	 
 42.036  31.720	 
 42.035  31.721	 
 42.035  31.722	 
 42.034  31.723	 
 42.034  31.724	 
 42.034  31.726	 
 42.033  31.727	 
 42.033  31.728	 
 42.033  31.730	 
 42.033  31.731	 
 42.033  31.733	 
 42.033  31.734	 
 42.033  31.735	 
 42.033  31.736	 
 42.032  31.737	 
 42.032  31.738	 
 42.032  31.740	 
 42.032  31.741	 
 42.032  31.742	 
 42.032  31.744	 
 42.032  31.745	 
 42.032  31.746	 
 42.033  31.748	 
 42.033  31.749	 
 42.033  31.750	 
 42.034  31.751	 
 42.034  31.752	 
 42.034  31.754	 
 42.035  31.755	 
 42.035  31.756	 
 42.035  31.757	 
 42.036  31.758	 
 42.036  31.760	 
 42.036  31.761	 
 42.037  31.762	 
 42.037  31.763	 
 42.037  31.765	 
 42.038  31.766	 
 42.038  31.767	 
 42.038  31.769	 
 42.038  31.770	 
 42.038  31.771	 
 42.038  31.772	 
 42.039  31.773	 
 42.039  31.774	 
 42.039  31.775	 
 42.039  31.776	 
 42.039  31.777	 
 42.040  31.778	 
 42.040  31.779	 
 42.040  31.781	 
 42.041  31.782	 
 42.041  31.783	 
 42.041  31.784	 
 42.042  31.785	 
 42.042  31.786	 
 42.043  31.787	 
 42.043  31.788	 
 42.044  31.788	 
 42.044  31.789	 
 42.045  31.789	 
 42.045  31.790	 
 42.046  31.790	 
 42.046  31.790	 
 42.046  31.791	 
 42.047  31.792	 
 42.047  31.793	 
 42.047  31.794	 
 42.048  31.794	 
 42.049  31.794	 
 42.050  31.795	 
 42.050  31.795	 
 42.051  31.795	 
 42.052  31.796	 
 42.052  31.796	 
 42.053  31.797	 
 42.053  31.799	 
 42.054  31.800	 
 42.054  31.802	 
 42.055  31.803	 
 42.055  31.805	 
 42.056  31.806	 
 42.056  31.807	 
 42.057  31.808	 
 42.058  31.809	 
 42.058  31.810	 
 42.058  31.812	 
 42.059  31.813	 
 42.059  31.814	 
 42.060  31.815	 
 42.060  31.816	 
 42.061  31.817	 
 42.061  31.818	 
 42.062  31.819	 
 42.062  31.820	 
 42.063  31.821	 
 42.063  31.822	 
 42.064  31.823	 
 42.064  31.823	 
 42.065  31.824	 
 42.065  31.825	 
 42.066  31.826	 
 42.067  31.827	 
 42.067  31.828	 
 42.068  31.829	 
 42.069  31.829	 
 42.069  31.830	 
 42.070  31.831	 
 42.071  31.832	 
 42.071  31.833	 
 42.071  31.834	 
 42.071  31.834	 
 42.070  31.835	 
 42.070  31.835	 
 42.070  31.836	 
 42.069  31.837	 
 42.069  31.837	 
 42.069  31.838	 
 42.068  31.839	 
 42.068  31.840	 
 42.067  31.841	 
 42.067  31.842	 
 42.066  31.843	 
 42.066  31.844	 
 42.066  31.845	 
 42.065  31.846	 
 42.065  31.847	 
 42.064  31.848	 
 42.064  31.849	 
 42.063  31.850	 
 42.063  31.851	 
 42.062  31.852	 
 42.062  31.853	 
 42.062  31.854	 
 42.061  31.855	 
 42.061  31.856	 
 42.060  31.857	 
 42.060  31.857	 
 42.059  31.858	 
 42.059  31.859	 
 42.058  31.860	 
 42.058  31.861	 
 42.057  31.862	 
 42.057  31.863	 
 42.056  31.864	 
 42.056  31.865	 
 42.055  31.866	 
 42.055  31.867	 
 42.054  31.868	 
 42.054  31.869	 
 42.054  31.870	 
 42.053  31.871	 
 42.053  31.872	 
 42.052  31.873	 
 42.052  31.874	 
 42.051  31.875	 
 42.050  31.877	 
 42.050  31.878	 
 42.049  31.878	 
 42.048  31.879	 
 42.048  31.880	 
 42.047  31.881	 
 42.046  31.882	 
 42.046  31.883	 
 42.045  31.884	 
 42.045  31.885	 
 42.044  31.886	 
 42.044  31.886	 
 42.043  31.887	 
 42.043  31.888	 
 42.042  31.889	 
 42.041  31.890	 
 42.041  31.891	 
 42.040  31.892	 
 42.039  31.893	 
 42.039  31.894	 
 42.038  31.895	 
 42.038  31.896	 
 42.037  31.897	 
 42.036  31.898	 
 42.036  31.899	 
 42.035  31.899	 
 42.035  31.900	 
 42.034  31.901	 
 42.033  31.902	 
 42.033  31.903	 
 42.032  31.904	 
 42.032  31.905	 
 42.032  31.905	 
 42.031  31.907	 
 42.030  31.909	 
 42.030  31.910	 
 42.029  31.911	 
 42.029  31.911	 
 42.029  31.912	 
 42.028  31.913	 
 42.028  31.914	 
 42.027  31.915	 
 42.027  31.916	 
 42.026  31.917	 
 42.026  31.918	 
 42.025  31.919	 
 42.024  31.920	 
 42.024  31.922	 
 42.023  31.923	 
 42.023  31.924	 
 42.022  31.925	 
 42.021  31.926	 
 42.021  31.927	 
 42.020  31.928	 
 42.020  31.928	 
 42.019  31.930	 
 42.018  31.931	 
 42.017  31.933	 
 42.017  31.934	 
 42.016  31.935	 
 42.015  31.937	 
 42.014  31.938	 
 42.014  31.939	 
 42.013  31.940	 
 42.012  31.941	 
 42.012  31.943	 
 42.011  31.944	 
 42.010  31.945	 
 42.010  31.946	 
 42.009  31.947	 
 42.009  31.948	 
 42.008  31.949	 
 42.008  31.950	 
 42.007  31.952	 
 42.007  31.953	 
 42.006  31.954	 
 42.005  31.955	 
 42.005  31.956	 
 42.004  31.957	 
 42.003  31.958	 
 42.003  31.959	 
 42.002  31.959	 
 42.002  31.960	 
 42.001  31.961	 
 42.001  31.961	 
 42.000  31.961	 
 42.000  31.961	 
 41.999  31.960	 
 41.999  31.959	 
 41.998  31.959	 
 41.997  31.958	 
 41.997  31.957	 
 41.996  31.956	 
 41.996  31.955	 
 41.995  31.954	 
 41.994  31.954	 
 41.994  31.954	 
 41.993  31.953	 
 41.992  31.952	 
 41.992  31.952	 
 41.991  31.951	 
 41.991  31.950	 
 41.990  31.949	 
 41.989  31.948	 
 41.989  31.947	 
 41.988  31.946	 
 41.988  31.945	 
 41.987  31.944	 
 41.987  31.943	 
 41.986  31.943	 
 41.985  31.942	 
 41.985  31.942	 
 41.984  31.942	 
 41.983  31.941	 
 41.982  31.940	 
 41.982  31.939	 
 41.981  31.939	 
 41.980  31.939	 
 41.980  31.938	 
 41.979  31.938	 
 41.979  31.938	 
 41.979  31.938	 
 41.978  31.938	 
 41.978  31.937	 
 41.978  31.937	 
 41.978  31.937	 
 41.978  31.937	 
 41.978  31.936	 
 41.978  31.936	 
 41.978  31.935	 
 41.978  31.935	 
 41.978  31.935	 
 41.978  31.935	 
 41.978  31.935	 
 41.978  31.936	 
 41.978  31.936	 
 41.978  31.936	 
 41.978  31.936	 
 41.977  31.937	 
 41.977  31.937	 
 41.976  31.937	 
 41.976  31.938	 
 41.975  31.938	 
 41.975  31.938	 
 41.974  31.938	 
 41.974  31.939	 
 41.973  31.939	 
 41.973  31.939	 
 41.973  31.940	 
 41.972  31.940	 
 41.972  31.940	 
 41.971  31.940	 
 41.971  31.941	 
 41.970  31.941	 
 41.970  31.941	 
 41.969  31.942	 
 41.969  31.942	 
 41.968  31.942	 
 41.968  31.942	 
 41.967  31.943	 
 41.967  31.943	 
 41.964  31.944	 
 41.964  31.945	 
 41.963  31.945	 
