 42.097  31.793	
 42.096  31.794	
 42.096  31.794	
 42.096  31.794	
 42.096  31.794	
 42.096  31.794	
 42.095  31.794	
 42.095  31.794	
 42.095  31.794	
 42.095  31.794	
 42.095  31.794	
 42.094  31.794	
 42.094  31.794	
 42.094  31.794	
 42.094  31.794	
 42.094  31.794	
 42.094  31.794	
 42.094  31.794	
 42.094  31.794	
 42.094  31.794	
 42.094  31.794	
 42.094  31.794	
 42.094  31.794	
 42.094  31.794	
 42.094  31.794	
 42.094  31.794	
 42.094  31.794	
 42.094  31.794	
 42.094  31.794	
 42.094  31.794	
 42.093  31.794	
 42.093  31.794	
 42.094  31.794	
 42.093  31.794	
 42.094  31.794	
 42.094  31.795	
 42.094  31.794	
 42.094  31.794	
 42.094  31.794	
 42.094  31.794	
 42.094  31.795	
 42.094  31.795	
 42.094  31.795	
 42.094  31.795	
 42.094  31.795	
 42.094  31.795	
 42.094  31.795	
 42.094  31.795	
 42.094  31.795	
 42.094  31.795	
 42.094  31.795	
 42.094  31.795	
 42.094  31.795	
 42.094  31.795	
 42.094  31.795	
 42.094  31.795	
 42.094  31.795	
 42.094  31.795	
 42.094  31.795	
 42.094  31.795	
 42.094  31.795	
 42.094  31.795	
 42.094  31.795	
 42.094  31.795	
 42.094  31.795	
 42.094  31.795	
 42.094  31.795	
 42.094  31.795	
 42.094  31.795	
 42.094  31.795	
 42.094  31.795	
 42.094  31.795	
 42.094  31.795	
 42.094  31.795	
 42.094  31.795	
 42.094  31.795	
 42.094  31.795	
 42.094  31.795	
 42.094  31.795	
 42.094  31.795	
 42.094  31.795	
 42.094  31.795	
 42.094  31.795	
 42.094  31.795	
 42.094  31.795	
 42.094  31.795	
 42.094  31.795	
 42.094  31.795	
 42.094  31.795	
 42.094  31.795	
 42.094  31.794	
 42.094  31.794	
 42.094  31.794	
 42.094  31.794	
 42.094  31.794	
 42.094  31.794	
 42.094  31.794	
 42.094  31.794	
 42.095  31.794	
 42.095  31.794	
 42.095  31.794	
 42.095  31.794	
 42.096  31.794	
 42.096  31.794	
 42.096  31.794	
 42.096  31.794	
 42.097  31.793	
 42.097  31.793	
 42.097  31.793	
 42.097  31.793	
 42.097  31.793	
 42.097  31.793	
 42.097  31.793	
 42.097  31.793	
 42.097  31.793	
 42.097  31.793	
 42.097  31.793	
 42.097  31.793	
 42.097  31.793	
 42.097  31.793	
 42.097  31.793	
 42.097  31.793	
 42.097  31.793	
 42.096  31.793	
 42.096  31.793	
 42.096  31.793	
 42.096  31.793	
 42.096  31.793	
 42.096  31.793	
 42.096  31.793	
 42.096  31.793	
 42.096  31.793	
 42.096  31.793	
 42.096  31.793	
 42.095  31.794	
 42.095  31.794	
 42.095  31.794	
 42.095  31.794	
 42.095  31.794	
 42.095  31.794	
 42.095  31.794	
 42.095  31.794	
 42.095  31.794	
 42.094  31.794	
 42.094  31.794	
 42.094  31.794	
 42.094  31.794	
 42.094  31.794	
 42.094  31.794	
 42.094  31.794	
 42.094  31.794	
 42.094  31.794	
 42.094  31.794	
 42.094  31.794	
 42.094  31.794	
 42.094  31.794	
 42.094  31.794	
 42.094  31.794	
 42.094  31.794	
 42.094  31.794	
 42.094  31.794	
 42.094  31.794	
 42.094  31.794	
 42.094  31.794	
 42.094  31.794	
 42.094  31.794	
 42.094  31.794	
 42.094  31.794	
 42.094  31.794	
 42.094  31.794	
 42.094  31.794	
 42.094  31.794	
 42.094  31.794	
 42.094  31.794	
 42.094  31.794	
 42.094  31.794	
 42.094  31.794	
 42.094  31.794	
 42.094  31.794	
 42.094  31.794	
 42.094  31.794	
 42.094  31.795	
 42.094  31.795	
 42.094  31.795	
 42.094  31.795	
 42.094  31.795	
 42.094  31.795	
 42.094  31.795	
 42.094  31.795	
 42.094  31.795	
 42.094  31.795	
 42.094  31.795	
 42.094  31.795	
 42.094  31.794	
 42.094  31.794	
 42.094  31.794	
 42.094  31.794	
 42.094  31.794	
 42.094  31.794	
 42.094  31.794	
 42.094  31.794	
 42.094  31.794	
 42.094  31.794	
 42.094  31.794	
 42.094  31.795	
 42.094  31.795	
 42.094  31.795	
 42.094  31.795	
 42.093  31.795	
 42.093  31.795	
 42.093  31.795	
 42.093  31.795	
 42.093  31.795	
 42.093  31.794	
 42.093  31.794	
 42.093  31.795	
 42.093  31.795	
 42.093  31.795	
 42.093  31.795	
 42.093  31.795	
 42.093  31.795	
 42.093  31.794	
 42.092  31.794	
 42.092  31.794	
 42.092  31.794	
 42.092  31.794	
 42.092  31.794	
 42.092  31.794	
 42.092  31.794	
 42.092  31.794	
 42.092  31.794	
 42.092  31.794	
 42.092  31.794	
 42.092  31.794	
 42.092  31.794	
 42.092  31.794	
 42.092  31.794	
 42.092  31.794	
 42.092  31.794	
 42.092  31.794	
 42.092  31.794	
 42.092  31.794	
 42.092  31.794	
 42.092  31.794	
 42.092  31.794	
 42.092  31.794	
 42.093  31.794	
 42.093  31.794	
 42.093  31.794	
 42.093  31.794	
 42.093  31.794	
 42.093  31.794	
 42.093  31.794	
 42.093  31.794	
 42.093  31.794	
 42.093  31.794	
 42.093  31.794	
 42.093  31.794	
 42.093  31.794	
 42.093  31.794	
 42.093  31.794	
 42.093  31.794	
 42.093  31.794	
 42.093  31.794	
 42.093  31.794	
 42.093  31.794	
 42.093  31.794	
 42.093  31.794	
 42.093  31.794	
 42.094  31.794	
 42.094  31.794	
 42.094  31.794	
 42.094  31.794	
 42.094  31.794	
 42.094  31.794	
 42.094  31.794	
 42.094  31.794	
 42.094  31.794	
 42.094  31.793	
 42.095  31.793	
 42.095  31.792	
 42.096  31.791	
 42.096  31.790	
 42.097  31.790	
 42.097  31.789	
 42.098  31.788	
 42.098  31.787	
 42.099  31.786	
 42.099  31.785	
 42.100  31.785	
 42.101  31.784	
 42.101  31.782	
 42.102  31.781	
 42.103  31.780	
 42.103  31.779	
 42.104  31.779	
 42.105  31.778	
 42.105  31.777	
 42.106  31.776	
 42.107  31.776	
 42.108  31.775	
 42.108  31.774	
 42.109  31.772	
 42.112  31.765	
 42.113  31.764	
 42.114  31.763	
 42.115  31.761	
 42.116  31.760	
 42.116  31.759	
 42.117  31.758	
 42.117  31.757	
 42.118  31.755	
 42.118  31.754	
 42.118  31.752	
 42.118  31.751	
 42.117  31.749	
 42.117  31.748	
 42.117  31.746	
 42.117  31.745	
 42.117  31.744	
 42.117  31.742	
 42.117  31.741	
 42.117  31.739	
 42.117  31.738	
 42.117  31.737	
 42.117  31.736	
 42.117  31.734	
 42.118  31.733	
 42.118  31.732	
 42.118  31.731	
 42.117  31.730	
 42.117  31.729	
 42.116  31.729	
 42.116  31.728	
 42.116  31.727	
 42.115  31.726	
 42.115  31.725	
 42.115  31.724	
 42.114  31.723	
 42.114  31.722	
 42.114  31.721	
 42.113  31.721	
 42.112  31.720	
 42.112  31.719	
 42.112  31.718	
 42.111  31.717	
 42.111  31.717	
 42.111  31.716	
 42.111  31.715	
 42.111  31.714	
 42.112  31.713	
 42.112  31.712	
 42.113  31.712	
 42.113  31.711	
 42.113  31.710	
 42.114  31.709	
 42.114  31.709	
 42.114  31.708	
 42.115  31.707	
 42.115  31.707	
 42.116  31.706	
 42.116  31.705	
 42.117  31.704	
 42.118  31.704	
 42.118  31.703	
 42.119  31.702	
 42.119  31.701	
 42.119  31.700	
 42.120  31.700	
 42.120  31.699	
 42.120  31.698	
 42.120  31.698	
 42.120  31.699	
 42.119  31.699	
 42.119  31.700	
 42.119  31.701	
 42.118  31.702	
 42.118  31.702	
 42.117  31.703	
 42.117  31.704	
 42.116  31.705	
 42.116  31.706	
 42.115  31.707	
 42.115  31.708	
 42.114  31.709	
 42.114  31.710	
 42.113  31.710	
 42.113  31.711	
 42.112  31.712	
 42.112  31.713	
 42.111  31.714	
 42.111  31.714	
 42.110  31.713	
 42.109  31.713	
 42.109  31.712	
 42.108  31.711	
 42.108  31.710	
 42.107  31.709	
 42.107  31.708	
 42.106  31.707	
 42.106  31.705	
 42.105  31.704	
 42.104  31.703	
 42.104  31.702	
 42.103  31.701	
 42.103  31.700	
 42.102  31.699	
 42.102  31.698	
 42.101  31.697	
 42.101  31.696	
 42.100  31.696	
 42.099  31.695	
 42.098  31.695	
 42.097  31.695	
 42.097  31.694	
 42.096  31.694	
 42.095  31.693	
 42.095  31.693	
 42.094  31.692	
 42.093  31.691	
 42.093  31.690	
 42.092  31.689	
 42.092  31.688	
 42.091  31.687	
 42.090  31.686	
 42.090  31.685	
 42.089  31.684	
 42.089  31.683	
 42.089  31.682	
 42.089  31.680	
 42.088  31.679	
 42.088  31.677	
 42.089  31.676	
 42.089  31.675	
 42.089  31.674	
 42.089  31.672	
 42.090  31.671	
 42.090  31.670	
 42.090  31.669	
 42.091  31.668	
 42.091  31.666	
 42.091  31.665	
 42.091  31.664	
 42.092  31.663	
 42.092  31.661	
 42.092  31.660	
 42.092  31.659	
 42.092  31.657	
 42.092  31.656	
 42.092  31.655	
 42.091  31.653	
 42.091  31.652	
 42.091  31.651	
 42.091  31.649	
 42.091  31.648	
 42.091  31.647	
 42.091  31.645	
 42.090  31.644	
 42.090  31.643	
 42.090  31.642	
 42.089  31.640	
 42.089  31.639	
 42.088  31.638	
 42.088  31.637	
 42.088  31.636	
 42.087  31.635	
 42.087  31.634	
 42.087  31.632	
 42.086  31.631	
 42.086  31.630	
 42.085  31.629	
 42.085  31.627	
 42.084  31.626	
 42.084  31.626	
 42.083  31.625	
 42.082  31.624	
 42.082  31.623	
 42.081  31.622	
 42.080  31.622	
 42.079  31.621	
 42.079  31.620	
 42.078  31.620	
 42.077  31.620	
 42.076  31.620	
 42.076  31.620	
 42.075  31.620	
 42.074  31.620	
 42.073  31.620	
 42.073  31.620	
 42.072  31.620	
 42.071  31.620	
 42.070  31.620	
 42.070  31.620	
 42.069  31.621	
 42.068  31.620	
 42.068  31.621	
 42.067  31.621	
 42.066  31.621	
 42.066  31.621	
 42.065  31.621	
 42.064  31.621	
 42.063  31.622	
 42.063  31.622	
 42.062  31.623	
 42.061  31.623	
 42.061  31.624	
 42.060  31.625	
 42.060  31.625	
 42.059  31.626	
 42.058  31.627	
 42.058  31.628	
 42.057  31.629	
 42.057  31.629	
 42.056  31.630	
 42.056  31.631	
 42.055  31.632	
 42.055  31.633	
 42.055  31.634	
 42.054  31.635	
 42.054  31.637	
 42.054  31.638	
 42.053  31.639	
 42.053  31.640	
 42.053  31.642	
 42.053  31.643	
 42.052  31.644	
 42.052  31.646	
 42.052  31.647	
 42.052  31.648	
 42.052  31.650	
 42.052  31.651	
 42.052  31.652	
 42.052  31.654	
 42.052  31.655	
 42.052  31.656	
 42.052  31.658	
 42.052  31.659	
 42.052  31.660	
 42.052  31.662	
 42.052  31.663	
 42.052  31.665	
 42.052  31.666	
 42.053  31.668	
 42.053  31.669	
 42.053  31.670	
 42.053  31.672	
 42.054  31.673	
 42.054  31.674	
 42.054  31.675	
 42.055  31.676	
 42.055  31.678	
 42.055  31.679	
 42.056  31.680	
 42.056  31.681	
 42.056  31.682	
 42.057  31.683	
 42.057  31.684	
 42.058  31.685	
 42.058  31.685	
 42.059  31.686	
 42.059  31.687	
 42.060  31.688	
 42.061  31.688	
 42.061  31.689	
 42.062  31.689	
 42.062  31.690	
 42.063  31.690	
 42.063  31.691	
 42.064  31.691	
 42.065  31.692	
 42.065  31.692	
 42.066  31.693	
 42.066  31.693	
 42.067  31.693	
 42.068  31.694	
 42.068  31.694	
 42.069  31.694	
 42.070  31.695	
 42.070  31.695	
 42.071  31.695	
 42.072  31.695	
 42.072  31.695	
 42.073  31.694	
 42.074  31.694	
 42.074  31.694	
 42.075  31.694	
 42.076  31.694	
 42.076  31.694	
 42.077  31.693	
 42.078  31.693	
 42.078  31.693	
 42.079  31.692	
 42.080  31.692	
 42.080  31.692	
 42.081  31.691	
 42.081  31.690	
 42.082  31.690	
 42.082  31.689	
 42.083  31.688	
 42.083  31.687	
 42.084  31.686	
 42.085  31.685	
 42.085  31.684	
 42.086  31.683	
 42.086  31.682	
 42.087  31.681	
 42.087  31.680	
 42.088  31.679	
 42.088  31.678	
 42.088  31.676	
 42.089  31.675	
 42.089  31.674	
 42.090  31.673	
 42.090  31.671	
 42.090  31.670	
 42.090  31.669	
 42.091  31.667	
 42.091  31.666	
 42.091  31.665	
 42.091  31.663	
 42.091  31.662	
 42.092  31.660	
 42.092  31.659	
 42.092  31.657	
 42.092  31.656	
 42.092  31.654	
 42.092  31.653	
 42.091  31.652	
 42.091  31.650	
 42.091  31.649	
 42.091  31.647	
 42.091  31.646	
 42.090  31.644	
 42.090  31.643	
 42.090  31.642	
 42.089  31.640	
 42.089  31.639	
 42.088  31.638	
 42.088  31.636	
 42.088  31.635	
 42.087  31.634	
 42.087  31.633	
 42.086  31.632	
 42.085  31.630	
 42.085  31.629	
 42.084  31.628	
 42.084  31.627	
 42.083  31.626	
 42.082  31.625	
 42.082  31.624	
 42.081  31.624	
 42.080  31.623	
 42.080  31.623	
 42.079  31.622	
 42.078  31.622	
 42.078  31.622	
 42.077  31.622	
 42.076  31.621	
 42.075  31.621	
 42.075  31.621	
 42.074  31.620	
 42.073  31.620	
 42.072  31.620	
 42.072  31.620	
 42.071  31.620	
 42.070  31.620	
 42.069  31.620	
 42.069  31.620	
 42.068  31.620	
 42.067  31.620	
 42.066  31.620	
 42.065  31.620	
 42.065  31.621	
 42.064  31.621	
 42.063  31.622	
 42.063  31.622	
 42.062  31.623	
 42.061  31.623	
 42.061  31.624	
 42.060  31.625	
 42.060  31.626	
 42.059  31.627	
 42.058  31.628	
 42.058  31.629	
 42.057  31.630	
 42.057  31.631	
 42.056  31.632	
 42.056  31.633	
 42.055  31.634	
 42.055  31.635	
 42.054  31.636	
 42.054  31.637	
 42.054  31.638	
 42.053  31.640	
 42.053  31.641	
 42.053  31.642	
 42.052  31.644	
 42.052  31.645	
 42.052  31.646	
 42.052  31.648	
 42.052  31.649	
 42.052  31.650	
 42.052  31.651	
 42.052  31.653	
 42.052  31.654	
 42.052  31.655	
 42.052  31.657	
 42.052  31.658	
 42.052  31.659	
 42.053  31.661	
 42.053  31.662	
 42.053  31.663	
 42.053  31.665	
 42.053  31.666	
 42.054  31.667	
 42.054  31.668	
 42.054  31.670	
 42.055  31.671	
 42.055  31.672	
 42.055  31.674	
 42.056  31.675	
 42.056  31.677	
 42.056  31.678	
 42.057  31.680	
 42.057  31.681	
 42.058  31.682	
 42.058  31.683	
 42.059  31.684	
 42.059  31.685	
 42.060  31.686	
 42.061  31.687	
 42.061  31.688	
 42.062  31.689	
 42.063  31.690	
 42.063  31.691	
 42.064  31.691	
 42.065  31.691	
 42.066  31.692	
 42.066  31.692	
 42.067  31.692	
 42.068  31.693	
 42.068  31.693	
 42.069  31.693	
 42.070  31.693	
 42.071  31.693	
 42.072  31.693	
 42.072  31.693	
 42.073  31.693	
 42.074  31.693	
 42.075  31.693	
 42.076  31.693	
 42.076  31.692	
 42.077  31.692	
 42.078  31.692	
 42.079  31.691	
 42.079  31.691	
 42.080  31.690	
 42.081  31.690	
 42.081  31.689	
 42.082  31.688	
 42.082  31.688	
 42.083  31.687	
 42.083  31.686	
 42.084  31.685	
 42.085  31.684	
 42.085  31.684	
 42.086  31.683	
 42.086  31.682	
 42.087  31.681	
 42.087  31.680	
 42.088  31.679	
 42.088  31.678	
 42.088  31.677	
 42.089  31.676	
 42.089  31.675	
 42.090  31.674	
 42.090  31.673	
 42.090  31.672	
 42.090  31.671	
 42.091  31.670	
 42.091  31.668	
 42.091  31.667	
 42.091  31.665	
 42.091  31.664	
 42.091  31.663	
 42.092  31.661	
 42.092  31.660	
 42.092  31.658	
 42.092  31.657	
 42.092  31.656	
 42.092  31.654	
 42.092  31.653	
 42.092  31.651	
 42.092  31.650	
 42.091  31.648	
 42.091  31.647	
 42.091  31.646	
 42.090  31.644	
 42.090  31.643	
 42.090  31.642	
 42.089  31.640	
 42.089  31.639	
 42.088  31.638	
 42.088  31.637	
 42.087  31.635	
 42.087  31.634	
 42.087  31.633	
 42.086  31.632	
 42.086  31.630	
 42.085  31.629	
 42.085  31.628	
 42.084  31.627	
 42.083  31.627	
 42.083  31.626	
 42.082  31.625	
 42.082  31.624	
 42.081  31.623	
 42.080  31.623	
 42.080  31.623	
 42.079  31.622	
 42.078  31.622	
 42.077  31.622	
 42.077  31.621	
 42.076  31.621	
 42.075  31.621	
 42.074  31.621	
 42.074  31.620	
 42.073  31.620	
 42.072  31.620	
 42.072  31.620	
 42.071  31.620	
 42.070  31.620	
 42.069  31.620	
 42.069  31.620	
 42.068  31.620	
 42.067  31.620	
 42.067  31.620	
 42.066  31.620	
 42.065  31.620	
 42.065  31.620	
 42.064  31.621	
 42.063  31.621	
 42.063  31.622	
 42.062  31.622	
 42.062  31.623	
 42.061  31.623	
 42.061  31.623	
 42.060  31.624	
 42.060  31.624	
 42.059  31.624	
 42.059  31.625	
 42.058  31.626	
 42.058  31.626	
 42.057  31.627	
 42.057  31.628	
 42.056  31.629	
 42.056  31.630	
 42.056  31.631	
 42.055  31.631	
 42.055  31.632	
 42.054  31.633	
 42.054  31.635	
 42.054  31.636	
 42.054  31.637	
 42.054  31.638	
 42.053  31.639	
 42.053  31.640	
 42.053  31.640	
 42.053  31.641	
 42.053  31.642	
 42.052  31.644	
 42.052  31.644	
 42.052  31.645	
 42.052  31.646	
 42.052  31.648	
 42.052  31.649	
 42.052  31.650	
 42.052  31.651	
 42.052  31.652	
 42.052  31.653	
 42.052  31.654	
 42.052  31.655	
 42.052  31.656	
 42.052  31.657	
 42.052  31.659	
 42.052  31.660	
 42.052  31.662	
 42.052  31.663	
 42.052  31.664	
 42.052  31.666	
 42.052  31.667	
 42.052  31.669	
 42.052  31.670	
 42.053  31.671	
 42.053  31.673	
 42.053  31.674	
 42.053  31.675	
 42.053  31.676	
 42.054  31.677	
 42.054  31.678	
 42.054  31.679	
 42.055  31.680	
 42.055  31.681	
 42.056  31.682	
 42.057  31.683	
 42.057  31.684	
 42.058  31.685	
 42.058  31.685	
 42.059  31.686	
 42.060  31.687	
 42.060  31.688	
 42.061  31.689	
 42.062  31.689	
 42.062  31.690	
 42.063  31.691	
 42.064  31.691	
 42.064  31.692	
 42.065  31.693	
 42.066  31.693	
 42.066  31.694	
 42.067  31.694	
 42.068  31.695	
 42.069  31.695	
 42.069  31.695	
 42.070  31.695	
 42.071  31.695	
 42.072  31.695	
 42.072  31.695	
 42.073  31.695	
 42.074  31.695	
 42.075  31.694	
 42.075  31.694	
 42.076  31.694	
 42.077  31.693	
 42.078  31.693	
 42.078  31.693	
 42.079  31.692	
 42.080  31.692	
 42.080  31.691	
 42.081  31.691	
 42.082  31.690	
 42.082  31.689	
 42.083  31.689	
 42.084  31.688	
 42.084  31.688	
 42.085  31.687	
 42.086  31.686	
 42.086  31.686	
 42.086  31.685	
 42.086  31.685	
 42.085  31.685	
 42.085  31.685	
 42.085  31.685	
 42.085  31.685	
 42.085  31.685	
 42.085  31.684	
 42.085  31.684	
 42.085  31.684	
 42.085  31.684	
 42.085  31.684	
 42.085  31.684	
 42.085  31.684	
 42.085  31.684	
 42.085  31.684	
 42.085  31.684	
 42.085  31.684	
 42.085  31.684	
 42.085  31.684	
 42.085  31.684	
 42.085  31.684	
 42.084  31.684	
 42.084  31.684	
 42.084  31.683	
 42.084  31.683	
 42.084  31.683	
 42.084  31.683	
 42.085  31.682	
 42.085  31.682	
 42.085  31.682	
 42.085  31.682	
 42.086  31.682	
 42.086  31.682	
 42.086  31.683	
 42.087  31.684	
 42.088  31.685	
 42.088  31.686	
 42.089  31.686	
 42.089  31.687	
 42.090  31.688	
 42.090  31.689	
 42.091  31.690	
 42.091  31.692	
 42.092  31.693	
 42.092  31.694	
 42.093  31.695	
 42.093  31.696	
 42.094  31.697	
 42.094  31.698	
 42.095  31.699	
 42.095  31.700	
 42.096  31.701	
 42.096  31.702	
 42.097  31.703	
 42.097  31.704	
 42.098  31.705	
 42.098  31.705	
 42.098  31.705	
 42.098  31.704	
 42.097  31.703	
 42.097  31.702	
 42.096  31.701	
 42.095  31.700	
 42.095  31.699	
 42.094  31.698	
 42.094  31.697	
 42.093  31.696	
 42.093  31.695	
 42.092  31.694	
 42.092  31.693	
 42.091  31.692	
 42.091  31.691	
 42.090  31.690	
 42.089  31.689	
 42.089  31.688	
 42.088  31.687	
 42.088  31.686	
 42.087  31.685	
 42.086  31.684	
 42.086  31.683	
 42.085  31.682	
 42.085  31.681	
 42.084  31.680	
 42.083  31.679	
 42.083  31.678	
 42.082  31.677	
 42.081  31.676	
 42.081  31.675	
 42.080  31.674	
 42.079  31.673	
 42.079  31.672	
 42.078  31.671	
 42.077  31.670	
 42.077  31.669	
 42.076  31.669	
 42.075  31.668	
 42.075  31.667	
 42.074  31.666	
 42.074  31.666	
 42.073  31.665	
 42.072  31.665	
 42.072  31.665	
 42.071  31.664	
 42.071  31.664	
 42.070  31.663	
 42.070  31.663	
 42.069  31.663	
 42.069  31.662	
 42.069  31.662	
 42.068  31.661	
 42.068  31.661	
 42.068  31.661	
 42.068  31.660	
 42.067  31.660	
 42.067  31.660	
 42.067  31.660	
 42.067  31.660	
 42.067  31.660	
 42.067  31.660	
 42.067  31.660	
 42.067  31.660	
 42.067  31.660	
 42.067  31.660	
 42.067  31.660	
 42.067  31.660	
 42.067  31.660	
 42.067  31.660	
 42.067  31.660	
 42.067  31.660	
 42.067  31.660	
 42.067  31.660	
 42.067  31.660	
 42.067  31.660	
 42.067  31.660	
 42.067  31.660	
 42.067  31.659	
 42.067  31.658	
 42.067  31.657	
 42.067  31.656	
 42.067  31.655	
 42.067  31.655	
 42.067  31.654	
 42.067  31.653	
 42.067  31.653	
 42.067  31.653	
 42.067  31.653	
 42.067  31.653	
 42.068  31.653	
 42.068  31.653	
 42.068  31.653	
 42.068  31.653	
 42.068  31.653	
 42.068  31.653	
 42.068  31.653	
 42.068  31.653	
 42.068  31.653	
 42.068  31.653	
 42.068  31.653	
 42.068  31.653	
 42.068  31.653	
 42.068  31.653	
 42.068  31.653	
 42.068  31.653	
 42.068  31.653	
 42.068  31.653	
 42.068  31.653	
 42.068  31.653	
 42.068  31.653	
 42.068  31.653	
 42.068  31.653	
 42.068  31.653	
 42.068  31.653	
 42.068  31.653	
 42.068  31.654	
 42.068  31.654	
 42.068  31.654	
 42.068  31.654	
 42.068  31.654	
 42.068  31.654	
 42.068  31.655	
 42.068  31.655	
 42.068  31.655	
 42.068  31.655	
 42.068  31.655	
 42.068  31.655	
 42.068  31.655	
 42.068  31.655	
 42.068  31.655	
 42.067  31.655	
 42.067  31.655	
 42.067  31.656	
 42.067  31.657	
 42.067  31.657	
 42.067  31.658	
 42.067  31.658	
 42.067  31.659	
 42.066  31.660	
 42.066  31.661	
 42.066  31.662	
 42.065  31.663	
 42.065  31.664	
 42.064  31.665	
 42.064  31.666	
 42.063  31.667	
 42.063  31.668	
 42.063  31.669	
 42.062  31.670	
 42.062  31.671	
 42.061  31.672	
 42.061  31.673	
 42.061  31.674	
 42.060  31.675	
 42.060  31.676	
 42.059  31.677	
 42.059  31.678	
 42.058  31.679	
 42.058  31.680	
 42.057  31.681	
 42.057  31.683	
 42.056  31.683	
 42.056  31.685	
 42.055  31.686	
 42.055  31.687	
 42.054  31.688	
 42.054  31.689	
 42.053  31.690	
 42.053  31.691	
 42.052  31.692	
 42.052  31.693	
 42.051  31.694	
 42.051  31.695	
 42.050  31.696	
 42.050  31.698	
 42.049  31.699	
 42.048  31.700	
 42.048  31.701	
 42.047  31.702	
 42.047  31.702	
 42.046  31.703	
 42.046  31.704	
 42.045  31.706	
 42.044  31.707	
 42.044  31.708	
 42.043  31.709	
 42.043  31.710	
 42.042  31.711	
 42.042  31.712	
 42.041  31.713	
 42.041  31.714	
 42.040  31.715	
 42.040  31.717	
 42.039  31.718	
 42.039  31.719	
 42.039  31.720	
 42.038  31.720	
 42.037  31.721	
 42.037  31.721	
 42.036  31.720	
 42.035  31.720	
 42.035  31.720	
 42.034  31.721	
 42.034  31.722	
 42.033  31.723	
 42.033  31.724	
 42.032  31.725	
 42.032  31.726	
 42.032  31.728	
 42.032  31.729	
 42.032  31.730	
 42.032  31.732	
 42.032  31.733	
 42.032  31.734	
 42.031  31.735	
 42.031  31.737	
 42.031  31.738	
 42.031  31.739	
 42.031  31.740	
 42.031  31.742	
 42.031  31.743	
 42.031  31.744	
 42.031  31.746	
 42.031  31.747	
 42.031  31.749	
 42.031  31.750	
 42.031  31.751	
 42.032  31.752	
 42.032  31.753	
 42.032  31.755	
 42.033  31.756	
 42.033  31.757	
 42.033  31.758	
 42.034  31.759	
 42.034  31.760	
 42.035  31.761	
 42.035  31.762	
 42.036  31.763	
 42.036  31.764	
 42.037  31.765	
 42.037  31.766	
 42.037  31.768	
 42.037  31.769	
 42.037  31.771	
 42.038  31.772	
 42.038  31.773	
 42.038  31.774	
 42.039  31.775	
 42.039  31.776	
 42.039  31.778	
 42.039  31.779	
 42.039  31.780	
 42.040  31.782	
 42.040  31.783	
 42.040  31.784	
 42.040  31.785	
 42.041  31.786	
 42.041  31.787	
 42.042  31.788	
 42.043  31.788	
 42.043  31.789	
 42.044  31.790	
 42.044  31.791	
 42.045  31.791	
 42.045  31.792	
 42.046  31.792	
 42.046  31.793	
 42.047  31.794	
 42.048  31.794	
 42.048  31.795	
 42.049  31.796	
 42.049  31.796	
 42.050  31.797	
 42.051  31.798	
 42.052  31.798	
 42.052  31.799	
 42.053  31.799	
 42.053  31.800	
 42.054  31.801	
 42.054  31.802	
 42.055  31.804	
 42.055  31.804	
 42.056  31.805	
 42.056  31.806	
 42.057  31.807	
 42.057  31.807	
 42.058  31.808	
 42.058  31.809	
 42.059  31.810	
 42.059  31.812	
 42.059  31.813	
 42.060  31.814	
 42.060  31.815	
 42.060  31.816	
 42.061  31.818	
 42.061  31.819	
 42.062  31.820	
 42.062  31.821	
 42.063  31.822	
 42.064  31.823	
 42.064  31.824	
 42.065  31.825	
 42.065  31.826	
 42.066  31.827	
 42.067  31.827	
 42.067  31.828	
 42.068  31.829	
 42.069  31.829	
 42.070  31.830	
 42.071  31.831	
 42.071  31.832	
 42.071  31.833	
 42.071  31.834	
 42.071  31.835	
 42.071  31.836	
 42.071  31.836	
 42.070  31.837	
 42.070  31.838	
 42.070  31.839	
 42.070  31.839	
 42.069  31.840	
 42.069  31.841	
 42.069  31.842	
 42.068  31.842	
 42.068  31.843	
 42.068  31.844	
 42.068  31.844	
 42.067  31.845	
 42.067  31.846	
 42.067  31.847	
 42.066  31.848	
 42.066  31.849	
 42.065  31.849	
 42.065  31.850	
 42.065  31.851	
 42.064  31.852	
 42.064  31.853	
 42.064  31.854	
 42.063  31.854	
 42.063  31.855	
 42.062  31.856	
 42.061  31.857	
 42.061  31.858	
 42.060  31.858	
 42.060  31.859	
 42.059  31.860	
 42.059  31.861	
 42.058  31.862	
 42.058  31.863	
 42.057  31.864	
 42.057  31.865	
 42.056  31.866	
 42.056  31.867	
 42.055  31.868	
 42.055  31.869	
 42.054  31.870	
 42.054  31.871	
 42.053  31.872	
 42.053  31.874	
 42.052  31.875	
 42.051  31.876	
 42.051  31.877	
 42.050  31.878	
 42.050  31.880	
 42.049  31.881	
 42.049  31.882	
 42.048  31.883	
 42.048  31.884	
 42.047  31.885	
 42.046  31.886	
 42.046  31.887	
 42.045  31.887	
 42.044  31.888	
 42.043  31.889	
 42.043  31.890	
 42.042  31.891	
 42.041  31.892	
 42.041  31.893	
 42.040  31.894	
 42.039  31.895	
 42.039  31.896	
 42.038  31.897	
 42.037  31.898	
 42.037  31.899	
 42.036  31.900	
 42.035  31.901	
 42.035  31.902	
 42.034  31.903	
 42.033  31.904	
 42.033  31.904	
 42.032  31.905	
 42.032  31.906	
 42.031  31.908	
 42.030  31.909	
 42.030  31.910	
 42.029  31.911	
 42.029  31.912	
 42.028  31.913	
 42.028  31.914	
 42.027  31.915	
 42.027  31.916	
 42.026  31.917	
 42.025  31.919	
 42.025  31.920	
 42.024  31.921	
 42.023  31.922	
 42.023  31.924	
 42.022  31.925	
 42.021  31.926	
 42.021  31.927	
 42.020  31.928	
 42.019  31.929	
 42.019  31.930	
 42.018  31.931	
 42.018  31.932	
 42.017  31.933	
 42.016  31.934	
 42.016  31.935	
 42.015  31.937	
 42.014  31.938	
 42.014  31.939	
 42.013  31.940	
 42.012  31.941	
 42.012  31.942	
 42.011  31.943	
 42.011  31.944	
 42.010  31.945	
 42.009  31.946	
 42.009  31.947	
 42.008  31.949	
 42.008  31.950	
 42.007  31.951	
 42.006  31.952	
 42.006  31.953	
 42.005  31.954	
 42.004  31.955	
 42.004  31.956	
 42.003  31.956	
 42.003  31.957	
 42.002  31.958	
 42.001  31.959	
 42.001  31.960	
 42.000  31.961	
 42.000  31.961	
 42.000  31.960	
 41.999  31.960	
 41.999  31.960	
 41.998  31.959	
 41.998  31.958	
 41.997  31.957	
 41.997  31.957	
 41.996  31.956	
 41.996  31.955	
 41.995  31.954	
 41.994  31.954	
 41.994  31.954	
 41.993  31.953	
 41.992  31.953	
 41.992  31.953	
 41.991  31.952	
 41.991  31.951	
 41.990  31.950	
 41.989  31.949	
 41.989  31.948	
 41.988  31.947	
 41.988  31.946	
 41.987  31.945	
 41.986  31.945	
 41.986  31.944	
 41.985  31.943	
 41.984  31.943	
 41.983  31.942	
 41.983  31.941	
 41.982  31.941	
 41.981  31.940	
 41.980  31.940	
 41.980  31.940	
 41.979  31.940	
 41.979  31.940	
 41.979  31.939	
 41.979  31.939	
 41.978  31.938	
 41.978  31.938	
 41.978  31.937	
 41.978  31.937	
 41.978  31.936	
 41.978  31.936	
 41.979  31.936	
 41.979  31.936	
 41.979  31.936	
 41.979  31.936	
 41.979  31.936	
 41.979  31.935	
 41.979  31.936	
 41.979  31.936	
 41.980  31.936	
 41.980  31.936	
 41.980  31.936	
 41.981  31.937	
 41.981  31.937	
 41.982  31.938	
 41.982  31.938	
 41.982  31.939	
 41.983  31.940	
 41.983  31.940	
 41.984  31.941	
 41.984  31.941	
 41.984  31.942	
 41.985  31.942	
 41.985  31.943	
 41.986  31.943	
 41.986  31.944	
 41.986  31.944	
 41.987  31.945	
 41.987  31.945	
 41.988  31.946	
 41.988  31.946	
 41.989  31.947	
 41.989  31.948	
 41.989  31.948	
 41.990  31.949	
 41.990  31.949	
 41.991  31.950	
 41.991  31.950	
 41.991  31.951	
 41.992  31.951	
 41.992  31.952	
