 42.096  31.794	 
 42.096  31.794	 
 42.096  31.794	 
 42.096  31.794	 
 42.096  31.794	 
 42.096  31.793	 
 42.096  31.794	 
 42.096  31.795	 
 42.096  31.795	 
 42.096  31.795	 
 42.096  31.795	 
 42.096  31.795	 
 42.096  31.795	 
 42.096  31.795	 
 42.096  31.795	 
 42.096  31.795	 
 42.096  31.795	 
 42.096  31.795	 
 42.096  31.795	 
 42.096  31.795	 
 42.096  31.795	 
 42.096  31.795	 
 42.096  31.795	 
 42.096  31.795	 
 42.096  31.795	 
 42.096  31.795	 
 42.096  31.795	 
 42.096  31.795	 
 42.096  31.795	 
 42.096  31.795	 
 42.096  31.795	 
 42.096  31.796	 
 42.096  31.796	 
 42.096  31.796	 
 42.096  31.796	 
 42.096  31.796	 
 42.096  31.796	 
 42.096  31.796	 
 42.096  31.796	 
 42.096  31.796	 
 42.096  31.796	 
 42.096  31.796	 
 42.096  31.796	 
 42.096  31.796	 
 42.096  31.796	 
 42.096  31.796	 
 42.096  31.796	 
 42.096  31.796	 
 42.096  31.796	 
 42.096  31.795	 
 42.096  31.795	 
 42.096  31.795	 
 42.096  31.795	 
 42.096  31.795	 
 42.095  31.795	 
 42.095  31.795	 
 42.095  31.795	 
 42.095  31.795	 
 42.095  31.795	 
 42.095  31.795	 
 42.095  31.795	 
 42.096  31.795	 
 42.096  31.795	 
 42.096  31.796	 
 42.096  31.796	 
 42.096  31.796	 
 42.096  31.796	 
 42.096  31.796	 
 42.096  31.796	 
 42.096  31.797	 
 42.096  31.797	 
 42.097  31.797	 
 42.097  31.798	 
 42.097  31.798	 
 42.097  31.798	 
 42.097  31.798	 
 42.097  31.798	 
 42.097  31.799	 
 42.097  31.799	 
 42.097  31.799	 
 42.097  31.799	 
 42.097  31.799	 
 42.097  31.799	 
 42.097  31.799	 
 42.097  31.799	 
 42.097  31.799	 
 42.097  31.799	 
 42.097  31.798	 
 42.097  31.798	 
 42.097  31.798	 
 42.097  31.798	 
 42.097  31.798	 
 42.097  31.798	 
 42.097  31.798	 
 42.096  31.798	 
 42.096  31.798	 
 42.096  31.798	 
 42.096  31.798	 
 42.096  31.798	 
 42.096  31.798	 
 42.096  31.797	 
 42.096  31.797	 
 42.096  31.797	 
 42.096  31.797	 
 42.096  31.797	 
 42.096  31.797	 
 42.096  31.797	 
 42.096  31.797	 
 42.096  31.797	 
 42.096  31.797	 
 42.096  31.797	 
 42.096  31.797	 
 42.096  31.797	 
 42.096  31.797	 
 42.096  31.797	 
 42.096  31.797	 
 42.096  31.797	 
 42.096  31.797	 
 42.096  31.797	 
 42.096  31.797	 
 42.096  31.797	 
 42.096  31.797	 
 42.096  31.797	 
 42.096  31.797	 
 42.096  31.796	 
 42.096  31.796	 
 42.096  31.796	 
 42.096  31.796	 
 42.096  31.796	 
 42.096  31.796	 
 42.095  31.796	 
 42.095  31.796	 
 42.095  31.796	 
 42.095  31.795	 
 42.095  31.795	 
 42.095  31.795	 
 42.095  31.795	 
 42.095  31.795	 
 42.095  31.795	 
 42.095  31.794	 
 42.094  31.794	 
 42.095  31.794	 
 42.095  31.794	 
 42.095  31.794	 
 42.094  31.794	 
 42.094  31.794	 
 42.094  31.794	 
 42.094  31.794	 
 42.094  31.794	 
 42.094  31.794	 
 42.094  31.793	 
 42.094  31.793	 
 42.094  31.793	 
 42.094  31.793	 
 42.094  31.793	 
 42.095  31.793	 
 42.095  31.793	 
 42.095  31.793	 
 42.095  31.793	 
 42.095  31.793	 
 42.095  31.793	 
 42.095  31.793	 
 42.095  31.793	 
 42.095  31.793	 
 42.095  31.793	 
 42.095  31.793	 
 42.095  31.793	 
 42.095  31.793	 
 42.095  31.793	 
 42.095  31.793	 
 42.095  31.793	 
 42.095  31.794	 
 42.095  31.794	 
 42.095  31.794	 
 42.095  31.794	 
 42.095  31.794	 
 42.095  31.794	 
 42.095  31.794	 
 42.095  31.794	 
 42.095  31.794	 
 42.095  31.794	 
 42.095  31.794	 
 42.095  31.794	 
 42.095  31.794	 
 42.095  31.794	 
 42.095  31.794	 
 42.095  31.794	 
 42.095  31.794	 
 42.095  31.794	 
 42.095  31.794	 
 42.095  31.794	 
 42.095  31.794	 
 42.095  31.794	 
 42.095  31.794	 
 42.095  31.794	 
 42.095  31.794	 
 42.095  31.794	 
 42.095  31.794	 
 42.095  31.794	 
 42.095  31.794	 
 42.095  31.794	 
 42.095  31.794	 
 42.095  31.794	 
 42.095  31.794	 
 42.095  31.794	 
 42.095  31.794	 
 42.095  31.794	 
 42.095  31.794	 
 42.095  31.794	 
 42.095  31.794	 
 42.095  31.794	 
 42.095  31.794	 
 42.095  31.794	 
 42.095  31.794	 
 42.095  31.794	 
 42.095  31.794	 
 42.095  31.794	 
 42.095  31.794	 
 42.095  31.794	 
