 42.067  31.489	 
 42.067  31.489	 
 42.068  31.489	 
 42.068  31.489	 
 42.069  31.490	 
 42.070  31.491	 
 42.070  31.492	 
 42.071  31.493	 
 42.071  31.494	 
 42.072  31.495	 
 42.072  31.496	 
 42.073  31.497	 
 42.074  31.498	 
 42.074  31.499	 
 42.075  31.500	 
 42.076  31.501	 
 42.076  31.502	 
 42.077  31.502	 
 42.077  31.504	 
 42.078  31.505	 
 42.078  31.506	 
 42.079  31.507	 
 42.079  31.508	 
 42.080  31.509	 
 42.080  31.511	 
 42.081  31.512	 
 42.081  31.513	 
 42.082  31.514	 
 42.082  31.514	 
 42.083  31.516	 
 42.084  31.516	 
 42.084  31.518	 
 42.084  31.520	 
 42.085  31.522	 
 42.085  31.525	 
 42.086  31.527	 
 42.086  31.529	 
 42.086  31.530	 
 42.087  31.532	 
 42.087  31.534	 
 42.088  31.535	 
 42.089  31.536	 
 42.089  31.537	 
 42.090  31.538	 
 42.091  31.539	 
 42.092  31.539	 
 42.093  31.540	 
 42.094  31.540	 
 42.094  31.541	 
 42.095  31.542	 
 42.096  31.543	 
 42.096  31.544	 
 42.097  31.545	 
 42.097  31.546	 
 42.097  31.548	 
 42.098  31.550	 
 42.098  31.551	 
 42.099  31.552	 
 42.099  31.554	 
 42.100  31.555	 
 42.100  31.556	 
 42.101  31.557	 
 42.101  31.559	 
 42.102  31.560	 
 42.102  31.563	 
 42.103  31.565	 
 42.103  31.566	 
 42.104  31.567	 
 42.104  31.569	 
 42.105  31.571	 
 42.105  31.572	 
 42.106  31.574	 
 42.107  31.575	 
 42.107  31.576	 
 42.108  31.576	 
 42.108  31.577	 
 42.109  31.577	 
 42.110  31.577	 
 42.111  31.578	 
 42.111  31.578	 
 42.112  31.579	 
 42.113  31.579	 
 42.113  31.580	 
 42.114  31.580	 
 42.115  31.581	 
 42.115  31.582	 
 42.116  31.583	 
 42.117  31.583	 
 42.117  31.584	 
 42.118  31.584	 
 42.119  31.586	 
 42.119  31.587	 
 42.120  31.587	 
 42.121  31.588	 
 42.121  31.589	 
 42.122  31.590	 
 42.122  31.591	 
 42.123  31.592	 
 42.124  31.593	 
 42.124  31.594	 
 42.125  31.596	 
 42.126  31.597	 
 42.125  31.601	 
 42.126  31.602	 
 42.125  31.605	 
 42.126  31.606	 
 42.126  31.608	 
 42.127  31.609	 
 42.127  31.611	 
 42.128  31.612	 
 42.128  31.613	 
 42.129  31.614	 
 42.129  31.615	 
 42.130  31.616	 
 42.130  31.617	 
 42.131  31.617	 
 42.131  31.618	 
 42.132  31.619	 
 42.133  31.619	 
 42.133  31.620	 
 42.134  31.621	 
 42.134  31.623	 
 42.135  31.625	 
 42.135  31.626	 
 42.136  31.627	 
 42.136  31.628	 
 42.137  31.630	 
 42.138  31.630	 
 42.138  31.631	 
 42.139  31.632	 
 42.140  31.633	 
 42.141  31.634	 
 42.141  31.634	 
 42.142  31.634	 
 42.143  31.634	 
 42.144  31.635	 
 42.144  31.635	 
 42.145  31.637	 
 42.145  31.638	 
 42.146  31.639	 
 42.146  31.640	 
 42.147  31.642	 
 42.147  31.643	 
 42.148  31.645	 
 42.149  31.646	 
 42.149  31.648	 
 42.150  31.650	 
 42.150  31.651	 
 42.151  31.652	 
 42.152  31.653	 
 42.152  31.654	 
 42.153  31.655	 
 42.153  31.656	 
 42.154  31.657	 
 42.155  31.658	 
 42.156  31.660	 
 42.157  31.660	 
 42.158  31.661	 
 42.158  31.662	 
 42.159  31.664	 
 42.160  31.665	 
 42.160  31.665	 
 42.161  31.666	 
 42.162  31.667	 
 42.163  31.668	 
 42.163  31.669	 
 42.164  31.669	 
 42.165  31.670	 
 42.165  31.671	 
 42.166  31.671