 42.075  31.826	 
 42.074  31.826	 
 42.074  31.825	 
 42.074  31.825	 
 42.073  31.824	 
 42.073  31.823	 
 42.073  31.823	 
 42.072  31.822	 
 42.072  31.822	 
 42.072  31.821	 
 42.072  31.821	 
 42.071  31.820	 
 42.071  31.819	 
 42.071  31.818	 
 42.070  31.818	 
 42.070  31.817	 
 42.069  31.816	 
 42.069  31.816	 
 42.069  31.815	 
 42.069  31.814	 
 42.068  31.813	 
 42.068  31.812	 
 42.067  31.811	 
 42.067  31.811	 
 42.067  31.810	 
 42.066  31.810	 
 42.066  31.809	 
 42.065  31.808	 
 42.065  31.807	 
 42.064  31.806	 
 42.064  31.805	 
 42.063  31.805	 
 42.062  31.804	 
 42.062  31.803	 
 42.061  31.802	 
 42.060  31.801	 
 42.060  31.801	 
 42.059  31.800	 
 42.059  31.799	 
 42.059  31.798	 
 42.058  31.797	 
 42.058  31.796	 
 42.057  31.795	 
 42.057  31.795	 
 42.057  31.794	 
 42.056  31.793	 
 42.056  31.792	 
 42.055  31.792	 
 42.055  31.791	 
 42.054  31.790	 
 42.054  31.789	 
 42.053  31.788	 
 42.053  31.788	 
 42.052  31.786	 
 42.052  31.786	 
 42.051  31.785	 
 42.051  31.784	 
 42.050  31.783	 
 42.050  31.782	 
 42.050  31.781	 
 42.049  31.780	 
 42.049  31.779	 
 42.049  31.779	 
 42.048  31.778	 
 42.048  31.777	 
 42.048  31.776	 
 42.048  31.774	 
 42.047  31.773	 
 42.046  31.771	 
 42.046  31.770	 
 42.045  31.769	 
 42.044  31.767	 
 42.043  31.766	 
 42.043  31.765	 
 42.042  31.764	 
 42.041  31.763	 
 42.040  31.762	 
 42.040  31.761	 
 42.039  31.759	 
 42.038  31.758	 
 42.037  31.757	 
 42.037  31.756	 
 42.036  31.755	 
 42.035  31.754	 
 42.035  31.753	 
 42.034  31.752	 
 42.033  31.751	 
 42.033  31.750	 
 42.032  31.749	 
 42.031  31.748	 
 42.030  31.746	 
 42.030  31.745	 
 42.029  31.743	 
 42.028  31.742	 
 42.028  31.741	 
 42.027  31.740	 
 42.026  31.739	 
 42.026  31.737	 
 42.025  31.736	 
 42.024  31.735	 
 42.023  31.734	 
 42.023  31.733	 
 42.022  31.732	 
 42.022  31.731	 
 42.021  31.730	 
 42.021  31.729	 
 42.020  31.728	 
 42.019  31.727	 
 42.019  31.725	 
 42.018  31.724	 
 42.018  31.724	 
 42.017  31.723	 
 42.016  31.722	 
 42.016  31.721	 
 42.015  31.720	 
 42.014  31.719	 
 42.014  31.718	 
 42.013  31.717	 
 42.013  31.717	 
 42.013  31.716	 
 42.012  31.715	 
 42.011  31.714	 
 42.011  31.713	 
 42.010  31.712	 
 42.009  31.711	 
 42.009  31.710	 
 42.008  31.709	 
 42.008  31.708	 
 42.007  31.708	 
 42.007  31.707	 
 42.007  31.707	 
 42.006  31.706	 
 42.005  31.704	 
 42.005  31.702	 
 42.004  31.701	 
 42.004  31.700	 
 42.004  31.699	 
 42.004  31.699	 
 42.004  31.698	 
 42.004  31.697	 
 42.003  31.696	 
 42.003  31.695	 
 42.003  31.694	 
 42.002  31.693	 
 42.002  31.691	 
 42.002  31.690	 
 42.001  31.689	 
 42.001  31.688	 
 42.001  31.686	 
 42.001  31.685	 
 42.000  31.684	 
 41.999  31.682	 
 41.998  31.681	 
 41.997  31.680	 
 41.996  31.679	 
 41.995  31.678	 
 41.994  31.677	 
 41.993  31.676	 
 41.992  31.675	 
 41.992  31.674	 
 41.991  31.673	 
 41.990  31.672	 
 41.990  31.671	 
 41.989  31.670	 
 41.988  31.669	 
 41.987  31.668	 
 41.987  31.667	 
 41.986  31.666	 
 41.985  31.664	 
 41.985  31.662	 
 41.984  31.661	 
 41.983  31.659	 
 41.982  31.658	 
 41.981  31.656	 
 41.980  31.654	 
 41.980  31.654	 
 41.979  31.653	 
 41.978  31.652	 
 41.978  31.651	 
 41.977  31.651	 
 41.977  31.650	 
 41.976  31.649	 
