 42.088  31.677	
 42.089  31.676	
 42.089  31.675	
 42.089  31.674	
 42.089  31.672	
 42.090  31.671	
 42.090  31.670	
 42.090  31.669	
 42.091  31.668	
 42.091  31.666	
 42.091  31.665	
 42.091  31.664	
 42.092  31.663	
 42.092  31.661	
 42.092  31.660	
 42.092  31.659	
 42.092  31.657	
 42.092  31.656	
 42.092  31.655	
 42.091  31.653	
 42.091  31.652	
 42.091  31.651	
 42.091  31.649	
 42.091  31.648	
 42.091  31.647	
 42.091  31.645	
 42.090  31.644	
 42.090  31.643	
 42.090  31.642	
 42.089  31.640	
 42.089  31.639	
 42.088  31.638	
 42.088  31.637	
 42.088  31.636	
 42.087  31.635	
 42.087  31.634	
 42.087  31.632	
 42.086  31.631	
 42.086  31.630	
 42.085  31.629	
 42.085  31.627	
 42.084  31.626	
 42.084  31.626	
 42.083  31.625	
 42.082  31.624	
 42.082  31.623	
 42.081  31.622	
 42.080  31.622	
 42.079  31.621	
 42.079  31.620	
 42.078  31.620	
 42.077  31.620	
 42.076  31.620	
 42.076  31.620	
 42.075  31.620	
 42.074  31.620	
 42.073  31.620	
 42.073  31.620	
 42.072  31.620	
 42.071  31.620	
 42.070  31.620	
 42.070  31.620	
 42.069  31.621	
 42.068  31.620	
 42.068  31.621	
 42.067  31.621	
 42.066  31.621	
 42.066  31.621	
 42.065  31.621	
 42.064  31.621	
 42.063  31.622	
 42.063  31.622	
 42.062  31.623	
 42.061  31.623	
 42.061  31.624	
 42.060  31.625	
 42.060  31.625	
 42.059  31.626	
 42.058  31.627	
 42.058  31.628	
 42.057  31.629	
 42.057  31.629	
 42.056  31.630	
 42.056  31.631	
 42.055  31.632	
 42.055  31.633	
 42.055  31.634	
 42.054  31.635	
 42.054  31.637	
 42.054  31.638	
 42.053  31.639	
 42.053  31.640	
 42.053  31.642	
 42.053  31.643	
 42.052  31.644	
 42.052  31.646	
 42.052  31.647	
 42.052  31.648	
 42.052  31.650	
 42.052  31.651	
 42.052  31.652	
 42.052  31.654	
 42.052  31.655	
 42.052  31.656	
 42.052  31.658	
 42.052  31.659	
 42.052  31.660	
 42.052  31.662	
 42.052  31.663	
 42.052  31.665	
 42.052  31.666	
 42.053  31.668	
 42.053  31.669	
 42.053  31.670	
 42.053  31.672	
 42.054  31.673	
 42.054  31.674	
 42.054  31.675	
 42.055  31.676	
 42.055  31.678	
 42.055  31.679	
 42.056  31.680	
 42.056  31.681	
 42.056  31.682	
 42.057  31.683	
 42.057  31.684	
 42.058  31.685	
 42.058  31.685	
 42.059  31.686	
 42.059  31.687	
 42.060  31.688	
 42.061  31.688	
 42.061  31.689	
 42.062  31.689	
 42.062  31.690	
 42.063  31.690	
 42.063  31.691	
 42.064  31.691	
 42.065  31.692	
 42.065  31.692	
 42.066  31.693	
 42.066  31.693	
 42.067  31.693	
 42.068  31.694	
 42.068  31.694	
 42.069  31.694	
 42.070  31.695	
 42.070  31.695	
 42.071  31.695	
 42.072  31.695	
 42.072  31.695	
 42.073  31.694	
 42.074  31.694	
 42.074  31.694	
 42.075  31.694	
 42.076  31.694	
 42.076  31.694	
 42.077  31.693	
 42.078  31.693	
 42.078  31.693	
 42.079  31.692	
 42.080  31.692	
 42.080  31.692	
 42.081  31.691	
 42.081  31.690	
 42.082  31.690	
 42.082  31.689	
 42.083  31.688	
 42.083  31.687	
 42.084  31.686	
 42.085  31.685	
 42.085  31.684	
 42.086  31.683	
 42.086  31.682	
 42.087  31.681	
 42.087  31.680	
 42.088  31.679	
 42.088  31.678	
 42.088  31.676	
 42.089  31.675	
 42.089  31.674	
 42.090  31.673	
 42.090  31.671	
 42.090  31.670	
 42.090  31.669	
 42.091  31.667	
 42.091  31.666	
 42.091  31.665	
 42.091  31.663	
 42.091  31.662	
 42.092  31.660	
 42.092  31.659	
 42.092  31.657	
 42.092  31.656	
 42.092  31.654	
 42.092  31.653	
 42.091  31.652	
 42.091  31.650	
 42.091  31.649	
 42.091  31.647	
 42.091  31.646	
 42.090  31.644	
 42.090  31.643	
 42.090  31.642	
 42.089  31.640	
 42.089  31.639	
 42.088  31.638	
 42.088  31.636	
 42.088  31.635	
 42.087  31.634	
 42.087  31.633	
 42.086  31.632	
 42.085  31.630	
 42.085  31.629	
 42.084  31.628	
 42.084  31.627	
 42.083  31.626	
 42.082  31.625	
 42.082  31.624	
 42.081  31.624	
 42.080  31.623	
 42.080  31.623	
 42.079  31.622	
 42.078  31.622	
 42.078  31.622	
 42.077  31.622	
 42.076  31.621	
 42.075  31.621	
 42.075  31.621	
 42.074  31.620	
 42.073  31.620	
 42.072  31.620	
 42.072  31.620	
 42.071  31.620	
 42.070  31.620	
 42.069  31.620	
 42.069  31.620	
 42.068  31.620	
 42.067  31.620	
 42.066  31.620	
 42.065  31.620	
 42.065  31.621	
 42.064  31.621	
 42.063  31.622	
 42.063  31.622	
 42.062  31.623	
 42.061  31.623	
 42.061  31.624	
 42.060  31.625	
 42.060  31.626	
 42.059  31.627	
 42.058  31.628	
 42.058  31.629	
 42.057  31.630	
 42.057  31.631	
 42.056  31.632	
 42.056  31.633	
 42.055  31.634	
 42.055  31.635	
 42.054  31.636	
 42.054  31.637	
 42.054  31.638	
 42.053  31.640	
 42.053  31.641	
 42.053  31.642	
 42.052  31.644	
 42.052  31.645	
 42.052  31.646	
 42.052  31.648	
 42.052  31.649	
 42.052  31.650	
 42.052  31.651	
 42.052  31.653	
 42.052  31.654	
 42.052  31.655	
 42.052  31.657	
 42.052  31.658	
 42.052  31.659	
 42.053  31.661	
 42.053  31.662	
 42.053  31.663	
 42.053  31.665	
 42.053  31.666	
 42.054  31.667	
 42.054  31.668	
 42.054  31.670	
 42.055  31.671	
 42.055  31.672	
 42.055  31.674	
 42.056  31.675	
 42.056  31.677	
 42.056  31.678	
 42.057  31.680	
 42.057  31.681	
 42.058  31.682	
 42.058  31.683	
 42.059  31.684	
 42.059  31.685	
 42.060  31.686	
 42.061  31.687	
 42.061  31.688	
 42.062  31.689	
 42.063  31.690	
 42.063  31.691	
 42.064  31.691	
 42.065  31.691	
 42.066  31.692	
 42.066  31.692	
 42.067  31.692	
 42.068  31.693	
 42.068  31.693	
 42.069  31.693	
 42.070  31.693	
 42.071  31.693	
 42.072  31.693	
 42.072  31.693	
 42.073  31.693	
 42.074  31.693	
 42.075  31.693	
 42.076  31.693	
 42.076  31.692	
 42.077  31.692	
 42.078  31.692	
 42.079  31.691	
 42.079  31.691	
 42.080  31.690	
 42.081  31.690	
 42.081  31.689	
 42.082  31.688	
 42.082  31.688	
 42.083  31.687	
 42.083  31.686	
 42.084  31.685	
 42.085  31.684	
 42.085  31.684	
 42.086  31.683	
 42.086  31.682	
 42.087  31.681	
 42.087  31.680	
 42.088  31.679	
 42.088  31.678	
 42.088  31.677	
 42.089  31.676	
 42.089  31.675	
 42.090  31.674	
 42.090  31.673	
 42.090  31.672	
 42.090  31.671	
 42.091  31.670	
 42.091  31.668	
 42.091  31.667	
 42.091  31.665	
 42.091  31.664	
 42.091  31.663	
 42.092  31.661	
 42.092  31.660	
 42.092  31.658	
 42.092  31.657	
 42.092  31.656	
 42.092  31.654	
 42.092  31.653	
 42.092  31.651	
 42.092  31.650	
 42.091  31.648	
 42.091  31.647	
 42.091  31.646	
 42.090  31.644	
 42.090  31.643	
 42.090  31.642	
 42.089  31.640	
 42.089  31.639	
 42.088  31.638	
 42.088  31.637	
 42.087  31.635	
 42.087  31.634	
 42.087  31.633	
 42.086  31.632	
 42.086  31.630	
 42.085  31.629	
 42.085  31.628	
 42.084  31.627	
 42.083  31.627	
 42.083  31.626	
 42.082  31.625	
 42.082  31.624	
 42.081  31.623	
 42.080  31.623	
 42.080  31.623	
 42.079  31.622	
 42.078  31.622	
 42.077  31.622	
 42.077  31.621	
 42.076  31.621	
 42.075  31.621	
 42.074  31.621	
 42.074  31.620	
 42.073  31.620	
 42.072  31.620	
 42.072  31.620	
 42.071  31.620	
 42.070  31.620	
 42.069  31.620	
 42.069  31.620	
 42.068  31.620	
 42.067  31.620	
 42.067  31.620	
 42.066  31.620	
 42.065  31.620	
 42.065  31.620	
 42.064  31.621	
 42.063  31.621	
 42.063  31.622	
 42.062  31.622	
 42.062  31.623	
 42.061  31.623	
 42.061  31.623	
 42.060  31.624	
 42.060  31.624	
 42.059  31.624	
 42.059  31.625	
 42.058  31.626	
 42.058  31.626	
 42.057  31.627	
 42.057  31.628	
 42.056  31.629	
 42.056  31.630	
 42.056  31.631	
 42.055  31.631	
 42.055  31.632	
 42.054  31.633	
 42.054  31.635	
 42.054  31.636	
 42.054  31.637	
 42.054  31.638	
 42.053  31.639	
 42.053  31.640	
 42.053  31.640	
 42.053  31.641	
 42.053  31.642	
 42.052  31.644	
 42.052  31.644	
 42.052  31.645	
 42.052  31.646	
 42.052  31.648	
 42.052  31.649	
 42.052  31.650	
 42.052  31.651	
 42.052  31.652	
 42.052  31.653	
 42.052  31.654	
 42.052  31.655	
 42.052  31.656	
 42.052  31.657	
 42.052  31.659	
 42.052  31.660	
 42.052  31.662	
 42.052  31.663	
 42.052  31.664	
 42.052  31.666	
 42.052  31.667	
 42.052  31.669	
 42.052  31.670	
 42.053  31.671	
 42.053  31.673	
 42.053  31.674	
 42.053  31.675	
 42.053  31.676	
 42.054  31.677	
 42.054  31.678	
 42.054  31.679	
 42.055  31.680	
 42.055  31.681	
 42.056  31.682	
 42.057  31.683	
 42.057  31.684	
 42.058  31.685	
 42.058  31.685	
 42.059  31.686	
 42.060  31.687	
 42.060  31.688	
 42.061  31.689	
 42.062  31.689	
 42.062  31.690	
 42.063  31.691	
 42.064  31.691	
 42.064  31.692	
 42.065  31.693	
 42.066  31.693	
 42.066  31.694	
 42.067  31.694	
 42.068  31.695	
 42.069  31.695	
 42.069  31.695	
 42.070  31.695	
 42.071  31.695	
 42.072  31.695	
 42.072  31.695	
 42.073  31.695	
 42.074  31.695	
 42.075  31.694	
 42.075  31.694	
 42.076  31.694	
 42.077  31.693	
 42.078  31.693	
 42.078  31.693	
 42.079  31.692	
 42.080  31.692	
 42.080  31.691	
 42.081  31.691	
 42.082  31.690	
 42.082  31.689	
 42.083  31.689	
 42.084  31.688	
 42.084  31.688	
 42.085  31.687	
 42.086  31.686	
 42.086  31.686	
 42.086  31.685	
 42.086  31.685	
 42.085  31.685	
 42.085  31.685	
 42.085  31.685	
 42.085  31.685	
 42.085  31.685	
 42.085  31.684	
 42.085  31.684	
 42.085  31.684	
 42.085  31.684	
 42.085  31.684	
 42.085  31.684	
 42.085  31.684	
 42.085  31.684	
 42.085  31.684	
 42.085  31.684	
 42.085  31.684	
 42.085  31.684	
 42.085  31.684	
 42.085  31.684	
 42.085  31.684	
 42.084  31.684	
 42.084  31.684	
 42.084  31.683	
 42.084  31.683	
