vector_alpha   -3.619000e+01   -7.859000e+01
x_alpha_0   1.189646e+01   1.740163e+02
x_plus_delta1   1.189646e+01   1.740163e+02
x_minus_delta1   1.189646e+01   1.740163e+02
x_plus_delta2   1.189646e+01   1.740163e+02
x_minus_delta2   1.189646e+01   1.740163e+02
-9.141803e-01  4.286733e-01  
-1.851636e+01  4.993568e+00  
h   4.504250e+00   -1.814614e+01
cappa_v   1.009696e+00   1.917789e+01
new_vector_alpha   -3.168575e+01   -9.673614e+01
---
vector_alpha   -3.168575e+01   -9.673614e+01
x_alpha_0   -1.256935e+00   2.708139e+00
x_plus_delta1   -1.256935e+00   2.708139e+00
x_minus_delta1   -1.256935e+00   2.708139e+00
x_plus_delta2   -1.256935e+00   2.708139e+00
x_minus_delta2   -1.256935e+00   2.708139e+00
-1.399283e+00  4.635819e-01  
-1.996791e+01  4.302488e+00  
h   2.058915e+00   8.926020e+00
cappa_v   1.474077e+00   2.042618e+01
new_vector_alpha   -2.962684e+01   -8.781012e+01
---
vector_alpha   -2.962684e+01   -8.781012e+01
x_alpha_0   9.350468e-02   8.182616e-01
x_plus_delta1   9.350467e-02   8.182614e-01
x_minus_delta1   9.350469e-02   8.182618e-01
x_plus_delta2   9.350468e-02   8.182617e-01
x_minus_delta2   9.350467e-02   8.182616e-01
-1.457797e+00  4.987656e-01  
-2.070741e+01  4.664160e+00  
h   -7.934854e-03   -2.106643e-01
cappa_v   1.540759e+00   2.122619e+01
new_vector_alpha   -2.963477e+01   -8.802079e+01
---
vector_alpha   -2.963477e+01   -8.802079e+01
x_alpha_0   -2.443398e-04   1.252352e-03
x_plus_delta1   -2.443546e-04   1.252145e-03
x_minus_delta1   -2.443251e-04   1.252559e-03
x_plus_delta2   -2.443348e-04   1.252399e-03
x_minus_delta2   -2.443449e-04   1.252306e-03
-1.478666e+00  5.026281e-01  
-2.068579e+01  4.650686e+00  
h   5.015883e-04   1.961732e-03
cappa_v   1.561758e+00   2.120214e+01
new_vector_alpha   -2.963427e+01   -8.801882e+01
---
vector_alpha   -2.963427e+01   -8.801882e+01
x_alpha_0   7.682534e-09   2.741136e-08
x_plus_delta1   -7.104798e-09   -1.794479e-07
x_minus_delta1   2.246984e-08   2.342707e-07
x_plus_delta2   1.270902e-08   7.391872e-08
x_minus_delta2   2.656043e-09   -1.909619e-08
-1.478732e+00  5.026491e-01  
-2.068593e+01  4.650745e+00  
h   -6.235153e-09   -3.362714e-08
cappa_v   1.561827e+00   2.120229e+01
new_vector_alpha   -2.963427e+01   -8.801882e+01
---
vector_alpha   -2.963427e+01   -8.801882e+01
x_alpha_0   -4.275746e-14   -1.221523e-13
x_plus_delta1   -1.478734e-08   -2.068596e-07
x_minus_delta1   1.478725e-08   2.068593e-07
x_plus_delta2   5.026487e-09   4.650722e-08
x_minus_delta2   -5.026536e-09   -4.650794e-08
-1.478730e+00  5.026512e-01  
-2.068594e+01  4.650758e+00  
h   3.904297e-14   1.999228e-13
cappa_v   1.561826e+00   2.120230e+01
new_vector_alpha   -2.963427e+01   -8.801882e+01
---
-1.439159e+00  4.913560e-01  
-2.011667e+01  4.488322e+00  
-1.486235e+00  5.108425e-01  
-2.042662e+01  4.633479e+00  
-1.490558e+00  5.117047e-01  
-2.042212e+01  4.631249e+00  
-1.490561e+00  5.117045e-01  
-2.042213e+01  4.631244e+00  
-1.490560e+00  5.117052e-01  
-2.042213e+01  4.631240e+00  
-1.449829e+00  4.999966e-01  
-1.985537e+01  4.467920e+00  
-1.498155e+00  5.201181e-01  
-2.016258e+01  4.613501e+00  
-1.502558e+00  5.210013e-01  
-2.015799e+01  4.611241e+00  
-1.502559e+00  5.210007e-01  
-2.015800e+01  4.611242e+00  
-1.502559e+00  5.209975e-01  
-2.015799e+01  4.611245e+00  
-1.460617e+00  5.088583e-01  
-1.959384e+01  4.447049e+00  
-1.510241e+00  5.296338e-01  
-1.989821e+01  4.592994e+00  
-1.514727e+00  5.305379e-01  
-1.989352e+01  4.590706e+00  
-1.514730e+00  5.305411e-01  
-1.989351e+01  4.590696e+00  
-1.514730e+00  5.305397e-01  
-1.989355e+01  4.590705e+00  
-1.471527e+00  5.179427e-01  
-1.933206e+01  4.425657e+00  
-1.522511e+00  5.394068e-01  
-1.963349e+01  4.571983e+00  
-1.527077e+00  5.403335e-01  
-1.962873e+01  4.569614e+00  
-1.527077e+00  5.403356e-01  
-1.962874e+01  4.569639e+00  
-1.527074e+00  5.403335e-01  
-1.962876e+01  4.569647e+00  
-1.482558e+00  5.272611e-01  
-1.907003e+01  4.403743e+00  
-1.534952e+00  5.494406e-01  
-1.936847e+01  4.550412e+00  
-1.539600e+00  5.503912e-01  
-1.936363e+01  4.548012e+00  
-1.539601e+00  5.503931e-01  
-1.936364e+01  4.548003e+00  
-1.539601e+00  5.503934e-01  
-1.936365e+01  4.547989e+00  
-1.493714e+00  5.368197e-01  
-1.880779e+01  4.381240e+00  
-1.547568e+00  5.597459e-01  
-1.910309e+01  4.528248e+00  
-1.552305e+00  5.607220e-01  
-1.909819e+01  4.525809e+00  
-1.552307e+00  5.607254e-01  
-1.909819e+01  4.525810e+00  
-1.552308e+00  5.607220e-01  
-1.909819e+01  4.525811e+00  
-1.504992e+00  5.466249e-01  
-1.854531e+01  4.358223e+00  
-1.560373e+00  5.703346e-01  
-1.883740e+01  4.505508e+00  
-1.565194e+00  5.713373e-01  
-1.883240e+01  4.503014e+00  
-1.565200e+00  5.713393e-01  
-1.883239e+01  4.503007e+00  
-1.565199e+00  5.713389e-01  
-1.883239e+01  4.503016e+00  
-1.516391e+00  5.566893e-01  
-1.828256e+01  4.334608e+00  
-1.573365e+00  5.812119e-01  
-1.857136e+01  4.482161e+00  
-1.578275e+00  5.822438e-01  
-1.856626e+01  4.479619e+00  
-1.578276e+00  5.822437e-01  
-1.856629e+01  4.479632e+00  
-1.578278e+00  5.822428e-01  
-1.856626e+01  4.479617e+00  
-1.527916e+00  5.670143e-01  
-1.801962e+01  4.310393e+00  
-1.586547e+00  5.923935e-01  
-1.830497e+01  4.458184e+00  
-1.591546e+00  5.934508e-01  
-1.829980e+01  4.455593e+00  
-1.591545e+00  5.934511e-01  
-1.829983e+01  4.455590e+00  
-1.591545e+00  5.934521e-01  
-1.829979e+01  4.455569e+00  
-1.539563e+00  5.776144e-01  
-1.775642e+01  4.285560e+00  
-1.599927e+00  6.038873e-01  
-1.803823e+01  4.433518e+00  
-1.605013e+00  6.049706e-01  
-1.803297e+01  4.430895e+00  
-1.605013e+00  6.049725e-01  
-1.803300e+01  4.430895e+00  
-1.605012e+00  6.049734e-01  
-1.803299e+01  4.430879e+00  
-1.551333e+00  5.884973e-01  
-1.749301e+01  4.260082e+00  
-1.613500e+00  6.157081e-01  
-1.777116e+01  4.408210e+00  
-1.618673e+00  6.168167e-01  
-1.776581e+01  4.405518e+00  
-1.618678e+00  6.168192e-01  
-1.776582e+01  4.405517e+00  
-1.618677e+00  6.168187e-01  
-1.776581e+01  4.405524e+00  
-1.563228e+00  5.996712e-01  
-1.722935e+01  4.233959e+00  
-1.627276e+00  6.278612e-01  
-1.750371e+01  4.382187e+00  
-1.632540e+00  6.289997e-01  
-1.749829e+01  4.379450e+00  
-1.632542e+00  6.290018e-01  
-1.749828e+01  4.379458e+00  
-1.632543e+00  6.289999e-01  
-1.749829e+01  4.379452e+00  
-1.575243e+00  6.111462e-01  
-1.696546e+01  4.207144e+00  
-1.641259e+00  6.403621e-01  
-1.723592e+01  4.355435e+00  
-1.646612e+00  6.415291e-01  
-1.723041e+01  4.352653e+00  
-1.646613e+00  6.415321e-01  
-1.723041e+01  4.352675e+00  
-1.646615e+00  6.415314e-01  
-1.723042e+01  4.352664e+00  
-1.587381e+00  6.229329e-01  
-1.670136e+01  4.179634e+00  
-1.655445e+00  6.532256e-01  
-1.696777e+01  4.327937e+00  
-1.660893e+00  6.544219e-01  
-1.696217e+01  4.325127e+00  
-1.660897e+00  6.544242e-01  
-1.696217e+01  4.325123e+00  
-1.660894e+00  6.544219e-01  
-1.696217e+01  4.325124e+00  
-1.599639e+00  6.350411e-01  
-1.643702e+01  4.151395e+00  
-1.669848e+00  6.664591e-01  
-1.669926e+01  4.299672e+00  
-1.675385e+00  6.676851e-01  
-1.669358e+01  4.296810e+00  
-1.675385e+00  6.676883e-01  
-1.669359e+01  4.296817e+00  
-1.675389e+00  6.676877e-01  
-1.669357e+01  4.296806e+00  
-1.612019e+00  6.474825e-01  
-1.617248e+01  4.122405e+00  
-1.684463e+00  6.800835e-01  
-1.643039e+01  4.270601e+00  
-1.690096e+00  6.813405e-01  
-1.642462e+01  4.267674e+00  
-1.690099e+00  6.813422e-01  
-1.642463e+01  4.267687e+00  
-1.690098e+00  6.813456e-01  
-1.642463e+01  4.267682e+00  
-1.624517e+00  6.602687e-01  
-1.590773e+01  4.092652e+00  
-1.699303e+00  6.941112e-01  
-1.616115e+01  4.240691e+00  
-1.705027e+00  6.953980e-01  
-1.615531e+01  4.237739e+00  
-1.705029e+00  6.954008e-01  
-1.615532e+01  4.237738e+00  
-1.705029e+00  6.953996e-01  
-1.615531e+01  4.237735e+00  
-1.637131e+00  6.734095e-01  
-1.564277e+01  4.062089e+00  
-1.714362e+00  7.085557e-01  
-1.589154e+01  4.209916e+00  
-1.720179e+00  7.098713e-01  
-1.588563e+01  4.206918e+00  
-1.720183e+00  7.098744e-01  
-1.588563e+01  4.206914e+00  
-1.720183e+00  7.098749e-01  
-1.588563e+01  4.206912e+00  
-1.649861e+00  6.869193e-01  
-1.537762e+01  4.030693e+00  
-1.729646e+00  7.234294e-01  
-1.562159e+01  4.178260e+00  
-1.735562e+00  7.247826e-01  
-1.561559e+01  4.175214e+00  
-1.735565e+00  7.247851e-01  
-1.561559e+01  4.175213e+00  
-1.735565e+00  7.247864e-01  
-1.561560e+01  4.175211e+00  
-1.662703e+00  7.008112e-01  
-1.511227e+01  3.998466e+00  
-1.745168e+00  7.387555e-01  
-1.535125e+01  4.145669e+00  
-1.751174e+00  7.401417e-01  
-1.534519e+01  4.142591e+00  
-1.751177e+00  7.401427e-01  
-1.534519e+01  4.142586e+00  
-1.751178e+00  7.401433e-01  
-1.534519e+01  4.142583e+00  
-1.675658e+00  7.150959e-01  
-1.484674e+01  3.965340e+00  
-1.760920e+00  7.545503e-01  
-1.508055e+01  4.112128e+00  
-1.767023e+00  7.559681e-01  
-1.507443e+01  4.108997e+00  
-1.767028e+00  7.559706e-01  
-1.507443e+01  4.109001e+00  
-1.767028e+00  7.559694e-01  
-1.507442e+01  4.108999e+00  
-1.688720e+00  7.297881e-01  
-1.458104e+01  3.931315e+00  
-1.776914e+00  7.708268e-01  
-1.480950e+01  4.077590e+00  
-1.783113e+00  7.722800e-01  
-1.480330e+01  4.074417e+00  
-1.783117e+00  7.722812e-01  
-1.480330e+01  4.074426e+00  
-1.783117e+00  7.722812e-01  
-1.480330e+01  4.074431e+00  
-1.701889e+00  7.449037e-01  
-1.431517e+01  3.896351e+00  
-1.793149e+00  7.876071e-01  
-1.453808e+01  4.042035e+00  
-1.799445e+00  7.890965e-01  
-1.453182e+01  4.038829e+00  
-1.799448e+00  7.890978e-01  
-1.453181e+01  4.038831e+00  
-1.799448e+00  7.890975e-01  
-1.453182e+01  4.038831e+00  
-1.715157e+00  7.604555e-01  
-1.404916e+01  3.860410e+00  
-1.809630e+00  8.049113e-01  
-1.426630e+01  4.005412e+00  
-1.816022e+00  8.064356e-01  
-1.425998e+01  4.002177e+00  
-1.816027e+00  8.064367e-01  
-1.425998e+01  4.002174e+00  
-1.816027e+00  8.064366e-01  
-1.425998e+01  4.002167e+00  
-1.728523e+00  7.764604e-01  
-1.378300e+01  3.823470e+00  
-1.826362e+00  8.227574e-01  
-1.399417e+01  3.967689e+00  
-1.832852e+00  8.243193e-01  
-1.398779e+01  3.964408e+00  
-1.832857e+00  8.243207e-01  
-1.398780e+01  3.964412e+00  
-1.832856e+00  8.243211e-01  
-1.398779e+01  3.964417e+00  
-1.741982e+00  7.929337e-01  
-1.351672e+01  3.785503e+00  
-1.843349e+00  8.411703e-01  
-1.372168e+01  3.928818e+00  
-1.849936e+00  8.427675e-01  
-1.371526e+01  3.925522e+00  
-1.849942e+00  8.427694e-01  
-1.371526e+01  3.925522e+00  
-1.849941e+00  8.427695e-01  
-1.371526e+01  3.925516e+00  
-1.755531e+00  8.098906e-01  
-1.325034e+01  3.746458e+00  
-1.860593e+00  8.601661e-01  
-1.344885e+01  3.888765e+00  
-1.867280e+00  8.618047e-01  
-1.344238e+01  3.885434e+00  
-1.867283e+00  8.618062e-01  
-1.344238e+01  3.885441e+00  
-1.867284e+00  8.618075e-01  
-1.344238e+01  3.885440e+00  
-1.769162e+00  8.273532e-01  
-1.298386e+01  3.706316e+00  
-1.878100e+00  8.797729e-01  
-1.317568e+01  3.847491e+00  
-1.884886e+00  8.814527e-01  
-1.316917e+01  3.844141e+00  
-1.884890e+00  8.814548e-01  
-1.316918e+01  3.844140e+00  
-1.884890e+00  8.814539e-01  
-1.316917e+01  3.844140e+00  
-1.782885e+00  8.453372e-01  
-1.271731e+01  3.665019e+00  
-1.895869e+00  9.000132e-01  
-1.290218e+01  3.804936e+00  
-1.902758e+00  9.017354e-01  
-1.289563e+01  3.801578e+00  
-1.902761e+00  9.017374e-01  
-1.289565e+01  3.801577e+00  
-1.902761e+00  9.017378e-01  
-1.289564e+01  3.801576e+00  
-1.796815e+00  8.639012e-01  
-1.245056e+01  3.622511e+00  
-1.913914e+00  9.209151e-01  
-1.262835e+01  3.761080e+00  
-1.920899e+00  9.226795e-01  
-1.262178e+01  3.757694e+00  
-1.920904e+00  9.226810e-01  
-1.262179e+01  3.757702e+00  
-1.920905e+00  9.226802e-01  
-1.262179e+01  3.757704e+00  
-1.810981e+00  8.830742e-01  
-1.218361e+01  3.578734e+00  
-1.932234e+00  9.425027e-01  
-1.235423e+01  3.715858e+00  
-1.939316e+00  9.443090e-01  
-1.234762e+01  3.712466e+00  
-1.939322e+00  9.443115e-01  
-1.234763e+01  3.712473e+00  
-1.939322e+00  9.443111e-01  
-1.234763e+01  3.712477e+00  
-1.825390e+00  9.028841e-01  
-1.191647e+01  3.533649e+00  
-1.950833e+00  9.648064e-01  
-1.207981e+01  3.669232e+00  
-1.958013e+00  9.666546e-01  
-1.207317e+01  3.665829e+00  
-1.958017e+00  9.666566e-01  
-1.207317e+01  3.665835e+00  
-1.958017e+00  9.666559e-01  
-1.207318e+01  3.665837e+00  
-1.840048e+00  9.233559e-01  
-1.164915e+01  3.487196e+00  
-1.969715e+00  9.878506e-01  
-1.180510e+01  3.621156e+00  
-1.976990e+00  9.897439e-01  
-1.179844e+01  3.617738e+00  
-1.976995e+00  9.897466e-01  
-1.179845e+01  3.617745e+00  
-1.976995e+00  9.897466e-01  
-1.179845e+01  3.617743e+00  
-1.854959e+00  9.445192e-01  
-1.138167e+01  3.439340e+00  
-1.988889e+00  1.011671e+00  
-1.153013e+01  3.571570e+00  
-1.996254e+00  1.013606e+00  
-1.152345e+01  3.568145e+00  
-1.996260e+00  1.013609e+00  
-1.152345e+01  3.568153e+00  
-1.996259e+00  1.013610e+00  
-1.152345e+01  3.568151e+00  
-1.870130e+00  9.664011e-01  
-1.111404e+01  3.390036e+00  
-2.008355e+00  1.036298e+00  
-1.125491e+01  3.520427e+00  
-2.015810e+00  1.038275e+00  
-1.124820e+01  3.516993e+00  
-2.015814e+00  1.038277e+00  
-1.124820e+01  3.516997e+00  
-2.015815e+00  1.038278e+00  
-1.124821e+01  3.516999e+00  
-1.885567e+00  9.890336e-01  
-1.084629e+01  3.339220e+00  
-2.028117e+00  1.061763e+00  
-1.097946e+01  3.467668e+00  
-2.035660e+00  1.063781e+00  
-1.097273e+01  3.464227e+00  
-2.035664e+00  1.063784e+00  
-1.097273e+01  3.464235e+00  
-2.035664e+00  1.063783e+00  
-1.097273e+01  3.464233e+00  
-1.901276e+00  1.012449e+00  
-1.057842e+01  3.286849e+00  
-2.048184e+00  1.088099e+00  
-1.070381e+01  3.413243e+00  
-2.055808e+00  1.090159e+00  
-1.069705e+01  3.409800e+00  
-2.055814e+00  1.090162e+00  
-1.069706e+01  3.409803e+00  
-2.055814e+00  1.090163e+00  
-1.069706e+01  3.409802e+00  
-1.917265e+00  1.036680e+00  
-1.031047e+01  3.232870e+00  
-2.068557e+00  1.115346e+00  
-1.042797e+01  3.357096e+00  
-2.076263e+00  1.117447e+00  
-1.042120e+01  3.353647e+00  
-2.076268e+00  1.117449e+00  
-1.042120e+01  3.353651e+00  
-2.076269e+00  1.117449e+00  
-1.042120e+01  3.353652e+00  
-1.933542e+00  1.061764e+00  
-1.004246e+01  3.177222e+00  
-2.089243e+00  1.143537e+00  
-1.015197e+01  3.299167e+00  
-2.097028e+00  1.145678e+00  
-1.014518e+01  3.295723e+00  
-2.097033e+00  1.145682e+00  
-1.014519e+01  3.295725e+00  
-2.097033e+00  1.145681e+00  
-1.014519e+01  3.295724e+00  
-1.950113e+00  1.087735e+00  
-9.774418e+00  3.119862e+00  
-2.110249e+00  1.172714e+00  
-9.875844e+00  3.239399e+00  
-2.118108e+00  1.174896e+00  
-9.869049e+00  3.235955e+00  
-2.118115e+00  1.174899e+00  
-9.869051e+00  3.235960e+00  
-2.118114e+00  1.174899e+00  
-9.869054e+00  3.235961e+00  
-1.966990e+00  1.114635e+00  
-9.506366e+00  3.060730e+00  
-2.131582e+00  1.202916e+00  
-9.599618e+00  3.177734e+00  
-2.139513e+00  1.205138e+00  
-9.592818e+00  3.174299e+00  
-2.139518e+00  1.205141e+00  
-9.592822e+00  3.174305e+00  
-2.139518e+00  1.205141e+00  
-9.592822e+00  3.174305e+00  
-1.984183e+00  1.142503e+00  
-9.238331e+00  2.999762e+00  
-2.153248e+00  1.234186e+00  
-9.323332e+00  3.114116e+00  
-2.161248e+00  1.236447e+00  
-9.316529e+00  3.110696e+00  
-2.161252e+00  1.236450e+00  
-9.316534e+00  3.110696e+00  
-2.161253e+00  1.236450e+00  
-9.316534e+00  3.110698e+00  
-2.001703e+00  1.171383e+00  
-8.970355e+00  2.936910e+00  
-2.175258e+00  1.266568e+00  
-9.047018e+00  3.048487e+00  
-2.183323e+00  1.268868e+00  
-9.040218e+00  3.045074e+00  
-2.183329e+00  1.268871e+00  
-9.040224e+00  3.045081e+00  
-2.183329e+00  1.268871e+00  
-9.040222e+00  3.045081e+00  
-2.019564e+00  1.201318e+00  
-8.702472e+00  2.872112e+00  
-2.197622e+00  1.300109e+00  
-8.770718e+00  2.980782e+00  
-2.205750e+00  1.302447e+00  
-8.763925e+00  2.977393e+00  
-2.205757e+00  1.302451e+00  
-8.763927e+00  2.977401e+00  
-2.205756e+00  1.302450e+00  
-8.763929e+00  2.977401e+00  
-2.037780e+00  1.232358e+00  
-8.434718e+00  2.805316e+00  
-2.220355e+00  1.334856e+00  
-8.494479e+00  2.910957e+00  
-2.228544e+00  1.337232e+00  
-8.487694e+00  2.907591e+00  
-2.228549e+00  1.337236e+00  
-8.487698e+00  2.907597e+00  
-2.228550e+00  1.337237e+00  
-8.487698e+00  2.907596e+00  
-2.056371e+00  1.264552e+00  
-8.167129e+00  2.736461e+00  
-2.243472e+00  1.370861e+00  
-8.218339e+00  2.838948e+00  
-2.251721e+00  1.373277e+00  
-8.211569e+00  2.835614e+00  
-2.251727e+00  1.373280e+00  
-8.211571e+00  2.835620e+00  
-2.251727e+00  1.373280e+00  
-8.211571e+00  2.835619e+00  
-2.075359e+00  1.297949e+00  
-7.899751e+00  2.665503e+00  
-2.266994e+00  1.408175e+00  
-7.942349e+00  2.764708e+00  
-2.275301e+00  1.410630e+00  
-7.935601e+00  2.761410e+00  
-2.275308e+00  1.410634e+00  
-7.935601e+00  2.761413e+00  
-2.275308e+00  1.410635e+00  
-7.935602e+00  2.761413e+00  
-2.094771e+00  1.332609e+00  
-7.632626e+00  2.592378e+00  
-2.290946e+00  1.446854e+00  
-7.666561e+00  2.688186e+00  
-2.299315e+00  1.449351e+00  
-7.659833e+00  2.684931e+00  
-2.299321e+00  1.449355e+00  
-7.659835e+00  2.684936e+00  
-2.299322e+00  1.449355e+00  
-7.659835e+00  2.684937e+00  
-2.114636e+00  1.368589e+00  
-7.365799e+00  2.517045e+00  
-2.315364e+00  1.486956e+00  
-7.391022e+00  2.609342e+00  
-2.323795e+00  1.489497e+00  
-7.384319e+00  2.606137e+00  
-2.323801e+00  1.489502e+00  
-7.384322e+00  2.606142e+00  
-2.323801e+00  1.489502e+00  
-7.384322e+00  2.606142e+00  
-2.134994e+00  1.405950e+00  
-7.099315e+00  2.439457e+00  
-2.340286e+00  1.528545e+00  
-7.115787e+00  2.528140e+00  
-2.348786e+00  1.531134e+00  
-7.109110e+00  2.524992e+00  
-2.348793e+00  1.531139e+00  
-7.109111e+00  2.524998e+00  
-2.348793e+00  1.531139e+00  
-7.109112e+00  2.524998e+00  
-2.155898e+00  1.444761e+00  
-6.833214e+00  2.359577e+00  
-2.365771e+00  1.571684e+00  
-6.840898e+00  2.444552e+00  
-2.374346e+00  1.574327e+00  
-6.834251e+00  2.441470e+00  
-2.374353e+00  1.574331e+00  
-6.834252e+00  2.441475e+00  
-2.374352e+00  1.574331e+00  
-6.834252e+00  2.441476e+00  
-2.177404e+00  1.485091e+00  
-6.567538e+00  2.277370e+00  
-2.391885e+00  1.616445e+00  
-6.566404e+00  2.358565e+00  
-2.400550e+00  1.619151e+00  
-6.559784e+00  2.355555e+00  
-2.400558e+00  1.619157e+00  
-6.559785e+00  2.355561e+00  
-2.400558e+00  1.619157e+00  
-6.559786e+00  2.355560e+00  
-2.199597e+00  1.527021e+00  
-6.302321e+00  2.192819e+00  
-2.418727e+00  1.662905e+00  
-6.292344e+00  2.270172e+00  
-2.427494e+00  1.665683e+00  
-6.285745e+00  2.267245e+00  
-2.427503e+00  1.665691e+00  
-6.285748e+00  2.267249e+00  
-2.427503e+00  1.665690e+00  
-6.285748e+00  2.267251e+00  
-2.222570e+00  1.570632e+00  
-6.037589e+00  2.105913e+00  
-2.446393e+00  1.711131e+00  
-6.018738e+00  2.179390e+00  
-2.455311e+00  1.714018e+00  
-6.012156e+00  2.176558e+00  
-2.455317e+00  1.714024e+00  
-6.012157e+00  2.176563e+00  
-2.455318e+00  1.714024e+00  
-6.012156e+00  2.176563e+00  
-2.246457e+00  1.616020e+00  
-5.773349e+00  2.016659e+00  
-2.475106e+00  1.761275e+00  
-5.745592e+00  2.086264e+00  
-2.484186e+00  1.764267e+00  
-5.739014e+00  2.083534e+00  
-2.484178e+00  1.764258e+00  
-5.739017e+00  2.083541e+00  
-2.484178e+00  1.764258e+00  
-5.739016e+00  2.083541e+00  
-2.271431e+00  1.663295e+00  
-5.509595e+00  1.925085e+00  
-2.505027e+00  1.813391e+00  
-5.472883e+00  1.990863e+00  
-2.514327e+00  1.816531e+00  
-5.466289e+00  1.988248e+00  
-2.514334e+00  1.816536e+00  
-5.466290e+00  1.988252e+00  
-2.514335e+00  1.816538e+00  
-5.466291e+00  1.988252e+00  
-2.297739e+00  1.712602e+00  
-5.246273e+00  1.831241e+00  
-2.536463e+00  1.867624e+00  
-5.200540e+00  1.893298e+00  
-2.546016e+00  1.870917e+00  
-5.193910e+00  1.890817e+00  
-2.546026e+00  1.870924e+00  
-5.193909e+00  1.890822e+00  
-2.546026e+00  1.870924e+00  
-5.193909e+00  1.890822e+00  
-2.325613e+00  1.764012e+00  
-4.983305e+00  1.735240e+00  
-2.569835e+00  1.924146e+00  
-4.928426e+00  1.793743e+00  
-2.579750e+00  1.927664e+00  
-4.921714e+00  1.791409e+00  
-2.579787e+00  1.927699e+00  
-4.921707e+00  1.791406e+00  
-2.579787e+00  1.927699e+00  
-4.921707e+00  1.791406e+00  
-2.355572e+00  1.817810e+00  
-4.720500e+00  1.637196e+00  
-2.605692e+00  1.983143e+00  
-4.656300e+00  1.692439e+00  
-2.616112e+00  1.986974e+00  
-4.649446e+00  1.690273e+00  
-2.616121e+00  1.986979e+00  
-4.649445e+00  1.690280e+00  
-2.616122e+00  1.986979e+00  
-4.649445e+00  1.690280e+00  
-2.388096e+00  1.874117e+00  
-4.457609e+00  1.537360e+00  
-2.644862e+00  2.044898e+00  
-4.383758e+00  1.589748e+00  
-2.655969e+00  2.049140e+00  
-4.376671e+00  1.587779e+00  
-2.655985e+00  2.049152e+00  
-4.376669e+00  1.587785e+00  
-2.655985e+00  2.049152e+00  
-4.376668e+00  1.587785e+00  
-2.424104e+00  1.933320e+00  
-4.194145e+00  1.436016e+00  
-2.688553e+00  2.109794e+00  
-4.110129e+00  1.486177e+00  
-2.700638e+00  2.114607e+00  
-4.102670e+00  1.484455e+00  
-2.700657e+00  2.114622e+00  
-4.102666e+00  1.484462e+00  
-2.700657e+00  2.114622e+00  
-4.102666e+00  1.484462e+00  
-2.464814e+00  1.995818e+00  
-3.929371e+00  1.333639e+00  
-2.738614e+00  2.178387e+00  
-3.834305e+00  1.382501e+00  
-2.752144e+00  2.184025e+00  
-3.826241e+00  1.381102e+00  
-2.752172e+00  2.184045e+00  
-3.826233e+00  1.381110e+00  
-2.752172e+00  2.184044e+00  
-3.826232e+00  1.381111e+00  
-2.512161e+00  2.062250e+00  
-3.662045e+00  1.230931e+00  
-2.798052e+00  2.251559e+00  
-3.554372e+00  1.279908e+00  
-2.813839e+00  2.258442e+00  
-3.545292e+00  1.278980e+00  
-2.813885e+00  2.258478e+00  
-3.545276e+00  1.278986e+00  
-2.813887e+00  2.258479e+00  
-3.545274e+00  1.278985e+00  
-2.569338e+00  2.133634e+00  
-3.390016e+00  1.128999e+00  
-2.872156e+00  2.330825e+00  
-3.266822e+00  1.180350e+00  
-2.891804e+00  2.339770e+00  
-3.255891e+00  1.180180e+00  
-2.891875e+00  2.339810e+00  
-3.255861e+00  1.180202e+00  
-2.891873e+00  2.339811e+00  
-3.255863e+00  1.180200e+00  
-2.642110e+00  2.211771e+00  
-3.109269e+00  1.029714e+00  
-2.971463e+00  2.419141e+00  
-2.964429e+00  1.087312e+00  
-2.998693e+00  2.431871e+00  
-2.949648e+00  1.088679e+00  
-2.998849e+00  2.431972e+00  
-2.949586e+00  1.088710e+00  
-2.998853e+00  2.431971e+00  
-2.949579e+00  1.088712e+00  
-2.742554e+00  2.300386e+00  
-2.811209e+00  9.365714e-01  
-3.122022e+00  2.523304e+00  
-2.628893e+00  1.008102e+00  
-3.169153e+00  2.544972e+00  
-2.603285e+00  1.013616e+00  
-3.169841e+00  2.545306e+00  
-2.602942e+00  1.013773e+00  
-3.169844e+00  2.545312e+00  
-2.602938e+00  1.013768e+00  
-2.903921e+00  2.409229e+00  
-2.471866e+00  8.577534e-01  
-3.435146e+00  2.666864e+00  
-2.179708e+00  9.622410e-01  
-3.630503e+00  2.732727e+00  
-2.060731e+00  9.895253e-01  
-3.659752e+00  2.741828e+00  
-2.042650e+00  9.934852e-01  
-3.660371e+00  2.742018e+00  
-2.042266e+00  9.935652e-01  
-3.660370e+00  2.742003e+00  
-2.042267e+00  9.935813e-01  
-3.368901e+00  2.596838e+00  
-1.913962e+00  8.261929e-01  
-3.777890e+00  3.008287e+00  
-1.704851e+00  1.233862e+00  
-3.778480e+00  3.052984e+00  
-1.705566e+00  1.288109e+00  
-3.778480e+00  3.052985e+00  
-1.705566e+00  1.288109e+00  
