0.000000   0.000000e+00   0.000000e+00   -2.963427e+01   -8.801882e+01   -1.000000e+00  0
0.100000   -5.000000e-03   -1.000000e-01   -2.963410e+01   -8.505040e+01   -1.000000e+00  0
0.230000   -2.645000e-02   -2.300000e-01   -2.963224e+01   -8.117661e+01   -1.000000e+00  0
0.399000   -7.960050e-02   -3.990000e-01   -2.962368e+01   -7.611621e+01   -1.000000e+00  0
0.618700   -1.913948e-01   -6.187000e-01   -2.959480e+01   -6.949881e+01   -1.000000e+00  0
0.904310   -4.088883e-01   -9.043100e-01   -2.951101e+01   -6.083924e+01   -1.000000e+00  0
1.275603   -8.135815e-01   -1.275603e+00   -2.928833e+01   -4.951400e+01   -1.000000e+00  0
1.758284   -1.545781e+00   -1.758284e+00   -2.872829e+01   -3.476583e+01   -1.000000e+00  0
2.385769   -2.845947e+00   -2.385769e+00   -2.737101e+01   -1.582226e+01   -1.000000e+00  0
2.785477   -3.879441e+00   -2.785477e+00   -2.603224e+01   -4.102149e+00   -1.000000e+00  0
2.872810   -4.126518e+00   -2.872810e+00   -2.568270e+01   -1.596716e+00   -1.000000e+00  0
2.891891   -4.181517e+00   -2.891891e+00   -2.560344e+01   -1.052409e+00   -1.000000e+00  0
2.893321   -4.185654e+00   -2.893321e+00   -2.559746e+01   -1.011664e+00   -1.000000e+00  0
2.893634   -4.186558e+00   -2.893634e+00   -2.559615e+01   -1.002762e+00   -1.000000e+00  0
2.893702   -4.186755e+00   -2.893702e+00   -2.559586e+01   -1.000818e+00   -1.000000e+00  0
2.893723   -4.186817e+00   -2.893723e+00   -2.559577e+01   -1.000211e+00   -1.000000e+00  0
2.893730   -4.186836e+00   -2.893730e+00   -2.559574e+01   -1.000021e+00   -1.000000e+00  0
2.893731   -4.186838e+00   -2.893731e+00   -2.559574e+01   -1.000000e+00   -1.000000e+00  1
2.893735   -4.186851e+00   -2.893735e+00   -2.559572e+01   -9.998743e-01   -9.998743e-01  0
2.893741   -4.186868e+00   -2.893741e+00   -2.559570e+01   -9.997108e-01   -9.997108e-01  0
2.893748   -4.186889e+00   -2.893748e+00   -2.559567e+01   -9.994983e-01   -9.994983e-01  0
2.893758   -4.186917e+00   -2.893758e+00   -2.559563e+01   -9.992221e-01   -9.992221e-01  0
2.893770   -4.186954e+00   -2.893770e+00   -2.559557e+01   -9.988630e-01   -9.988630e-01  0
2.893787   -4.187001e+00   -2.893787e+00   -2.559551e+01   -9.983962e-01   -9.983962e-01  0
2.893808   -4.187063e+00   -2.893808e+00   -2.559542e+01   -9.977893e-01   -9.977893e-01  0
2.893836   -4.187143e+00   -2.893836e+00   -2.559530e+01   -9.970003e-01   -9.970003e-01  0
2.893872   -4.187247e+00   -2.893872e+00   -2.559515e+01   -9.959747e-01   -9.959747e-01  0
2.893919   -4.187383e+00   -2.893918e+00   -2.559495e+01   -9.946414e-01   -9.946414e-01  0
2.893979   -4.187559e+00   -2.893979e+00   -2.559470e+01   -9.929081e-01   -9.929081e-01  0
2.894059   -4.187787e+00   -2.894057e+00   -2.559437e+01   -9.906549e-01   -9.906549e-01  0
2.894161   -4.188085e+00   -2.894159e+00   -2.559394e+01   -9.877257e-01   -9.877257e-01  0
2.894295   -4.188472e+00   -2.894291e+00   -2.559338e+01   -9.839178e-01   -9.839178e-01  0
2.894469   -4.188975e+00   -2.894461e+00   -2.559265e+01   -9.789676e-01   -9.789676e-01  0
2.894695   -4.189629e+00   -2.894681e+00   -2.559170e+01   -9.725325e-01   -9.725325e-01  0
2.894988   -4.190479e+00   -2.894966e+00   -2.559047e+01   -9.641671e-01   -9.641671e-01  0
2.895370   -4.191584e+00   -2.895332e+00   -2.558887e+01   -9.532925e-01   -9.532925e-01  0
2.895866   -4.193021e+00   -2.895801e+00   -2.558679e+01   -9.391562e-01   -9.391562e-01  0
2.896512   -4.194890e+00   -2.896401e+00   -2.558409e+01   -9.207803e-01   -9.207803e-01  0
2.897350   -4.197319e+00   -2.897164e+00   -2.558057e+01   -8.968936e-01   -8.968936e-01  0
2.898441   -4.200479e+00   -2.898125e+00   -2.557599e+01   -8.658443e-01   -8.658443e-01  0
2.899858   -4.204588e+00   -2.899323e+00   -2.557003e+01   -8.254863e-01   -8.254863e-01  0
2.901701   -4.209932e+00   -2.900796e+00   -2.556228e+01   -7.730309e-01   -7.730309e-01  0
2.904096   -4.216883e+00   -2.902566e+00   -2.555219e+01   -7.048565e-01   -7.048565e-01  0
2.907211   -4.225925e+00   -2.904624e+00   -2.553904e+01   -6.162599e-01   -6.162599e-01  0
2.911259   -4.237689e+00   -2.906885e+00   -2.552191e+01   -5.011369e-01   -5.011369e-01  0
2.916522   -4.252995e+00   -2.909129e+00   -2.549956e+01   -3.515687e-01   -3.515687e-01  0
2.923364   -4.272905e+00   -2.910870e+00   -2.547040e+01   -1.572924e-01   -1.572924e-01  0
2.932259   -4.298799e+00   -2.911147e+00   -2.543228e+01   9.497731e-02   9.497731e-02  0
2.943821   -4.332446e+00   -2.908155e+00   -2.538238e+01   4.224050e-01   4.224050e-01  0
2.958853   -4.376097e+00   -2.898612e+00   -2.531692e+01   8.471034e-01   8.471034e-01  0
2.963545   -4.389687e+00   -2.894327e+00   -2.529636e+01   9.794278e-01   9.794278e-01  0
2.964262   -4.391763e+00   -2.893617e+00   -2.529321e+01   9.996556e-01   9.996556e-01  0
2.964272   -4.391790e+00   -2.893608e+00   -2.529317e+01   9.999148e-01   9.999148e-01  0
2.964275   -4.391799e+00   -2.893605e+00   -2.529316e+01   1.000000e+00   1.000000e+00  1
2.964278   -4.391809e+00   -2.893602e+00   -2.529314e+01   1.000096e+00   1.000000e+00  0
2.964282   -4.391821e+00   -2.893597e+00   -2.529312e+01   1.000220e+00   1.000000e+00  0
2.964288   -4.391838e+00   -2.893591e+00   -2.529310e+01   1.000382e+00   1.000000e+00  0
2.964296   -4.391859e+00   -2.893584e+00   -2.529306e+01   1.000592e+00   1.000000e+00  0
2.964305   -4.391888e+00   -2.893574e+00   -2.529302e+01   1.000865e+00   1.000000e+00  0
2.964318   -4.391924e+00   -2.893562e+00   -2.529297e+01   1.001220e+00   1.000000e+00  0
2.964334   -4.391971e+00   -2.893545e+00   -2.529289e+01   1.001682e+00   1.000000e+00  0
2.964356   -4.392033e+00   -2.893524e+00   -2.529280e+01   1.002282e+00   1.000000e+00  0
2.964383   -4.392113e+00   -2.893496e+00   -2.529268e+01   1.003062e+00   1.000000e+00  0
2.964419   -4.392217e+00   -2.893460e+00   -2.529252e+01   1.004077e+00   1.000000e+00  0
2.964466   -4.392353e+00   -2.893414e+00   -2.529231e+01   1.005395e+00   1.000000e+00  0
2.964527   -4.392529e+00   -2.893353e+00   -2.529205e+01   1.007110e+00   1.000000e+00  0
2.964606   -4.392757e+00   -2.893274e+00   -2.529170e+01   1.009338e+00   1.000000e+00  0
2.964709   -4.393055e+00   -2.893171e+00   -2.529125e+01   1.012235e+00   1.000000e+00  0
2.964842   -4.393441e+00   -2.893037e+00   -2.529066e+01   1.016001e+00   1.000000e+00  0
2.965016   -4.393944e+00   -2.892864e+00   -2.528990e+01   1.020897e+00   1.000000e+00  0
2.965242   -4.394597e+00   -2.892638e+00   -2.528891e+01   1.027261e+00   1.000000e+00  0
2.965535   -4.395446e+00   -2.892344e+00   -2.528762e+01   1.035534e+00   1.000000e+00  0
2.965917   -4.396550e+00   -2.891963e+00   -2.528594e+01   1.046288e+00   1.000000e+00  0
2.966413   -4.397985e+00   -2.891466e+00   -2.528376e+01   1.060268e+00   1.000000e+00  0
2.967058   -4.399849e+00   -2.890821e+00   -2.528092e+01   1.078439e+00   1.000000e+00  0
2.967897   -4.402273e+00   -2.889983e+00   -2.527723e+01   1.102058e+00   1.000000e+00  0
2.968987   -4.405422e+00   -2.888893e+00   -2.527243e+01   1.132757e+00   1.000000e+00  0
2.970404   -4.409515e+00   -2.887476e+00   -2.526618e+01   1.172656e+00   1.000000e+00  0
2.972246   -4.414832e+00   -2.885634e+00   -2.525806e+01   1.224509e+00   1.000000e+00  0
2.974640   -4.421740e+00   -2.883239e+00   -2.524748e+01   1.291890e+00   1.000000e+00  0
2.977754   -4.430711e+00   -2.880126e+00   -2.523370e+01   1.379440e+00   1.000000e+00  0
2.981801   -4.442359e+00   -2.876079e+00   -2.521574e+01   1.493175e+00   1.000000e+00  0
2.987062   -4.457477e+00   -2.870818e+00   -2.519233e+01   1.640897e+00   1.000000e+00  0
2.993902   -4.477089e+00   -2.863978e+00   -2.516177e+01   1.832710e+00   1.000000e+00  0
3.002793   -4.502514e+00   -2.855086e+00   -2.512185e+01   2.081684e+00   1.000000e+00  0
3.014352   -4.535449e+00   -2.843528e+00   -2.506962e+01   2.404700e+00   1.000000e+00  0
3.029379   -4.578065e+00   -2.828501e+00   -2.500115e+01   2.823513e+00   1.000000e+00  0
3.048913   -4.633128e+00   -2.808966e+00   -2.491118e+01   3.366087e+00   1.000000e+00  0
3.074308   -4.704139e+00   -2.783571e+00   -2.479261e+01   4.068216e+00   1.000000e+00  0
3.107322   -4.795489e+00   -2.750558e+00   -2.463580e+01   4.975477e+00   1.000000e+00  0
3.150239   -4.912616e+00   -2.707640e+00   -2.442747e+01   6.145459e+00   1.000000e+00  0
3.206032   -5.062126e+00   -2.651847e+00   -2.414920e+01   7.650122e+00   1.000000e+00  0
3.278563   -5.251836e+00   -2.579317e+00   -2.377513e+01   9.577906e+00   1.000000e+00  0
3.372853   -5.490594e+00   -2.485027e+00   -2.326861e+01   1.203471e+01   1.000000e+00  0
3.495429   -5.787688e+00   -2.362450e+00   -2.257723e+01   1.514200e+01   1.000000e+00  0
3.654779   -6.151448e+00   -2.203100e+00   -2.162564e+01   1.902839e+01   1.000000e+00  0
3.861934   -6.586374e+00   -1.995946e+00   -2.030555e+01   2.380799e+01   1.000000e+00  0
4.131235   -7.087623e+00   -1.726644e+00   -1.846271e+01   2.953244e+01   1.000000e+00  0
4.481327   -7.630825e+00   -1.376553e+00   -1.588273e+01   3.609321e+01   1.000000e+00  0
4.936446   -8.153753e+00   -9.214339e-01   -1.228294e+01   4.303453e+01   1.000000e+00  0
5.528100   -8.523897e+00   -3.297792e-01   -7.331980e+00   4.921811e+01   1.000000e+00  0
6.297252   -8.481750e+00   4.393720e-01   -7.541053e-01   5.228359e+01   1.000000e+00  0
7.297148   -7.542527e+00   1.439268e+00   7.340511e+00   4.797326e+01   1.000000e+00  0
8.297148   -5.603258e+00   2.439268e+00   1.399674e+01   3.520376e+01   1.000000e+00  0
9.297148   -2.663990e+00   3.439268e+00   1.821369e+01   1.591433e+01   1.000000e+00  0
9.789144   -8.508521e-01   3.931265e+00   1.908826e+01   4.888409e+00   1.000000e+00  0
9.936743   -2.597089e-01   4.078864e+00   1.917049e+01   1.472717e+00   1.000000e+00  0
9.951931   -1.976441e-01   4.094052e+00   1.917396e+01   1.119465e+00   1.000000e+00  0
9.956672   -1.782246e-01   4.098792e+00   1.917485e+01   1.009147e+00   1.000000e+00  0
9.957027   -1.767683e-01   4.099148e+00   1.917492e+01   1.000878e+00   1.000000e+00  0
9.957054   -1.766576e-01   4.099175e+00   1.917492e+01   1.000250e+00   1.000000e+00  0
9.957064   -1.766187e-01   4.099184e+00   1.917492e+01   1.000029e+00   1.000000e+00  0
9.957065   -1.766136e-01   4.099185e+00   1.917492e+01   1.000000e+00   1.000000e+00  1
9.957072   -1.765858e-01   4.099192e+00   1.917493e+01   9.998422e-01   9.998422e-01  0
9.957080   -1.765497e-01   4.099201e+00   1.917493e+01   9.996370e-01   9.996370e-01  0
9.957092   -1.765027e-01   4.099212e+00   1.917493e+01   9.993703e-01   9.993703e-01  0
9.957107   -1.764416e-01   4.099227e+00   1.917493e+01   9.990235e-01   9.990235e-01  0
9.957126   -1.763622e-01   4.099247e+00   1.917494e+01   9.985728e-01   9.985728e-01  0
9.957151   -1.762590e-01   4.099272e+00   1.917494e+01   9.979868e-01   9.979868e-01  0
9.957184   -1.761248e-01   4.099304e+00   1.917495e+01   9.972250e-01   9.972250e-01  0
9.957227   -1.759504e-01   4.099347e+00   1.917495e+01   9.962346e-01   9.962346e-01  0
9.957282   -1.757237e-01   4.099402e+00   1.917496e+01   9.949472e-01   9.949472e-01  0
9.957354   -1.754289e-01   4.099473e+00   1.917498e+01   9.932735e-01   9.932735e-01  0
9.957447   -1.750456e-01   4.099566e+00   1.917499e+01   9.910977e-01   9.910977e-01  0
9.957569   -1.745474e-01   4.099686e+00   1.917501e+01   9.882692e-01   9.882692e-01  0
9.957727   -1.738997e-01   4.099842e+00   1.917504e+01   9.845921e-01   9.845921e-01  0
9.957932   -1.730576e-01   4.100044e+00   1.917508e+01   9.798118e-01   9.798118e-01  0
9.958199   -1.719629e-01   4.100305e+00   1.917512e+01   9.735973e-01   9.735973e-01  0
9.958546   -1.705396e-01   4.100641e+00   1.917518e+01   9.655184e-01   9.655184e-01  0
9.958998   -1.686892e-01   4.101075e+00   1.917526e+01   9.550155e-01   9.550155e-01  0
9.959584   -1.662834e-01   4.101631e+00   1.917536e+01   9.413615e-01   9.413615e-01  0
9.960347   -1.631553e-01   4.102342e+00   1.917548e+01   9.236108e-01   9.236108e-01  0
9.961338   -1.590880e-01   4.103246e+00   1.917564e+01   9.005338e-01   9.005338e-01  0
9.962627   -1.537992e-01   4.104387e+00   1.917584e+01   8.705322e-01   8.705322e-01  0
9.964302   -1.469216e-01   4.105813e+00   1.917610e+01   8.315276e-01   8.315276e-01  0
9.966480   -1.379772e-01   4.107569e+00   1.917641e+01   7.808175e-01   7.808175e-01  0
9.969312   -1.263440e-01   4.109686e+00   1.917678e+01   7.148880e-01   7.148880e-01  0
9.972992   -1.112124e-01   4.112160e+00   1.917722e+01   6.291695e-01   6.291695e-01  0
9.977777   -9.152877e-02   4.114904e+00   1.917770e+01   5.177208e-01   5.177208e-01  0
9.983998   -6.592268e-02   4.117674e+00   1.917819e+01   3.728170e-01   3.728170e-01  0
9.992085   -3.261402e-02   4.119927e+00   1.917859e+01   1.844177e-01   1.844177e-01  0
10.000000   -5.897366e-14   4.120657e+00   1.917872e+01   -1.832146e-13   -1.832146e-13  0
-358.309826
END
